,gameDuration
0,33
1,22
2,28
3,26
4,16
5,36
6,28
7,25
8,30
9,21
10,30
11,30
12,22
13,35
14,30
15,23
16,28
17,35
18,15
19,26
20,29
21,21
22,22
23,28
24,29
25,41
26,23
27,29
28,26
29,22
30,31
31,20
32,32
33,33
34,22
35,22
36,30
37,28
38,22
39,24
40,27
41,19
42,16
43,37
44,24
45,25
46,25
47,20
48,28
49,11
50,23
51,33
52,24
53,22
54,30
55,27
56,23
57,22
58,28
59,35
60,28
61,23
62,25
63,28
64,30
65,25
66,24
67,25
68,28
69,30
70,27
71,29
72,27
73,24
74,31
75,27
76,25
77,30
78,27
79,28
80,15
81,31
82,34
83,31
84,39
85,34
86,20
87,33
88,19
89,27
90,29
91,33
92,25
93,20
94,26
95,28
96,30
97,22
98,24
99,36
100,35
101,22
102,47
103,35
104,30
105,30
106,32
107,35
108,29
109,24
110,30
111,28
112,34
113,39
114,25
115,28
116,16
117,19
118,28
119,35
120,16
121,15
122,39
123,17
124,25
125,24
126,24
127,21
128,15
129,30
130,17
131,16
132,22
133,22
134,32
135,24
136,27
137,27
138,15
139,39
140,27
141,23
142,20
143,32
144,23
145,25
146,25
147,24
148,23
149,16
150,24
151,23
152,31
153,2
154,30
155,25
156,12
157,29
158,36
159,29
160,31
161,31
162,33
163,24
164,37
165,34
166,32
167,23
168,25
169,27
170,32
171,23
172,24
173,29
174,23
175,21
176,2
177,30
178,26
179,31
180,27
181,23
182,26
183,28
184,38
185,33
186,17
187,21
188,23
189,29
190,29
191,25
192,19
193,15
194,31
195,18
196,28
197,15
198,6
199,23
200,22
201,26
202,25
203,35
204,26
205,24
206,24
207,31
208,31
209,25
210,27
211,17
212,26
213,38
214,29
215,20
216,34
217,34
218,28
219,31
220,22
221,27
222,30
223,30
224,19
225,25
226,16
227,19
228,32
229,28
230,26
231,25
232,16
233,30
234,24
235,35
236,23
237,28
238,29
239,24
240,28
241,28
242,31
243,23
244,33
245,26
246,32
247,28
248,35
249,13
250,15
251,30
252,27
253,25
254,24
255,24
256,18
257,27
258,35
259,22
260,24
261,12
262,19
263,25
264,26
265,25
266,27
267,23
268,30
269,27
270,23
271,22
272,25
273,25
274,27
275,32
276,35
277,16
278,21
279,28
280,28
281,16
282,32
283,23
284,23
285,27
286,33
287,22
288,25
289,26
290,22
291,44
292,22
293,26
294,34
295,27
296,15
297,31
298,32
299,30
300,26
301,26
302,23
303,34
304,19
305,31
306,23
307,21
308,21
309,18
310,35
311,25
312,22
313,19
314,22
315,23
316,22
317,2
318,32
319,20
320,25
321,19
322,26
323,24
324,19
325,24
326,29
327,39
328,26
329,33
330,22
331,2
332,15
333,21
334,20
335,25
336,32
337,24
338,26
339,32
340,22
341,31
342,4
343,21
344,23
345,24
346,32
347,24
348,30
349,31
350,46
351,32
352,30
353,16
354,23
355,22
356,21
357,15
358,26
359,20
360,37
361,22
362,26
363,29
364,3
365,36
366,23
367,27
368,41
369,28
370,15
371,24
372,29
373,22
374,28
375,31
376,28
377,19
378,16
379,26
380,15
381,30
382,30
383,30
384,23
385,23
386,16
387,29
388,22
389,25
390,27
391,2
392,23
393,16
394,19
395,24
396,27
397,28
398,25
399,28
400,22
401,30
402,33
403,25
404,36
405,26
406,34
407,35
408,28
409,27
410,23
411,29
412,25
413,33
414,26
415,20
416,33
417,22
418,33
419,33
420,23
421,25
422,38
423,27
424,27
425,25
426,23
427,28
428,15
429,30
430,27
431,30
432,15
433,43
434,29
435,19
436,25
437,27
438,27
439,16
440,25
441,33
442,27
443,21
444,22
445,27
446,33
447,25
448,28
449,23
450,38
451,2
452,35
453,39
454,32
455,30
456,23
457,33
458,34
459,31
460,31
461,24
462,30
463,23
464,33
465,20
466,30
467,32
468,18
469,21
470,24
471,34
472,17
473,23
474,23
475,24
476,15
477,21
478,40
479,28
480,23
481,33
482,27
483,23
484,24
485,35
486,28
487,32
488,21
489,31
490,17
491,28
492,34
493,26
494,24
495,27
496,27
497,23
498,24
499,24
500,26
501,25
502,34
503,24
504,16
505,23
506,24
507,28
508,27
509,21
510,18
511,22
512,20
513,24
514,31
515,30
516,43
517,26
518,27
519,31
520,24
521,25
522,25
523,2
524,2
525,16
526,32
527,29
528,20
529,36
530,27
531,25
532,24
533,26
534,28
535,16
536,24
537,35
538,25
539,29
540,31
541,40
542,28
543,33
544,26
545,37
546,27
547,29
548,28
549,27
550,24
551,49
552,26
553,32
554,22
555,22
556,30
557,23
558,33
559,28
560,27
561,23
562,16
563,26
564,34
565,38
566,20
567,26
568,21
569,31
570,32
571,13
572,23
573,31
574,22
575,56
576,27
577,2
578,19
579,29
580,28
581,27
582,28
583,24
584,27
585,20
586,29
587,25
588,19
589,38
590,40
591,24
592,28
593,24
594,22
595,2
596,25
597,30
598,25
599,22
600,22
601,27
602,22
603,25
604,28
605,27
606,31
607,25
608,20
609,34
610,20
611,37
612,32
613,31
614,23
615,33
616,29
617,24
618,36
619,25
620,22
621,19
622,22
623,26
624,31
625,32
626,28
627,24
628,38
629,26
630,23
631,20
632,32
633,15
634,23
635,31
636,16
637,16
638,20
639,19
640,30
641,27
642,30
643,28
644,27
645,19
646,33
647,34
648,22
649,29
650,24
651,20
652,31
653,21
654,31
655,20
656,23
657,30
658,15
659,26
660,26
661,18
662,28
663,15
664,29
665,43
666,18
667,23
668,30
669,25
670,23
671,26
672,22
673,32
674,24
675,33
676,34
677,12
678,26
679,15
680,20
681,32
682,14
683,30
684,28
685,23
686,31
687,28
688,31
689,24
690,29
691,24
692,17
693,28
694,12
695,32
696,16
697,27
698,26
699,31
700,30
701,21
702,16
703,16
704,32
705,32
706,21
707,26
708,21
709,23
710,25
711,31
712,24
713,25
714,38
715,5
716,34
717,22
718,25
719,27
720,16
721,28
722,20
723,36
724,31
725,37
726,26
727,28
728,24
729,27
730,28
731,25
732,25
733,31
734,24
735,30
736,27
737,15
738,29
739,29
740,15
741,21
742,19
743,16
744,21
745,24
746,15
747,27
748,16
749,27
750,30
751,30
752,37
753,37
754,37
755,26
756,25
757,30
758,27
759,30
760,22
761,18
762,21
763,29
764,22
765,29
766,28
767,19
768,24
769,38
770,26
771,27
772,29
773,25
774,25
775,32
776,19
777,32
778,22
779,31
780,26
781,9
782,22
783,21
784,30
785,22
786,30
787,23
788,22
789,20
790,30
791,33
792,16
793,22
794,22
795,18
796,26
797,33
798,19
799,26
800,30
801,28
802,30
803,16
804,27
805,28
806,29
807,30
808,26
809,27
810,8
811,28
812,16
813,37
814,23
815,28
816,19
817,16
818,21
819,11
820,29
821,24
822,27
823,27
824,37
825,29
826,23
827,27
828,19
829,22
830,30
831,24
832,30
833,38
834,25
835,35
836,29
837,30
838,22
839,23
840,25
841,28
842,24
843,2
844,31
845,16
846,32
847,26
848,18
849,26
850,22
851,29
852,29
853,15
854,30
855,25
856,18
857,20
858,19
859,30
860,30
861,31
862,31
863,26
864,34
865,17
866,40
867,26
868,29
869,21
870,28
871,24
872,19
873,20
874,30
875,24
876,36
877,29
878,35
879,26
880,30
881,21
882,15
883,30
884,26
885,36
886,26
887,46
888,25
889,18
890,26
891,24
892,10
893,22
894,31
895,26
896,31
897,21
898,32
899,33
900,29
901,15
902,27
903,30
904,24
905,22
906,39
907,24
908,28
909,40
910,30
911,26
912,29
913,32
914,27
915,34
916,29
917,23
918,25
919,31
920,24
921,31
922,33
923,15
924,35
925,23
926,15
927,15
928,33
929,25
930,25
931,28
932,24
933,28
934,16
935,28
936,24
937,27
938,31
939,11
940,29
941,19
942,27
943,22
944,15
945,26
946,29
947,19
948,31
949,34
950,21
951,31
952,26
953,15
954,30
955,32
956,19
957,33
958,28
959,34
960,30
961,31
962,26
963,22
964,30
965,15
966,31
967,21
968,22
969,23
970,27
971,23
972,23
973,26
974,30
975,26
976,22
977,2
978,25
979,20
980,15
981,31
982,35
983,25
984,34
985,28
986,23
987,19
988,25
989,33
990,31
991,19
992,27
993,25
994,26
995,2
996,24
997,30
998,33
999,36
1000,25
1001,27
1002,24
1003,16
1004,23
1005,41
1006,31
1007,24
1008,27
1009,28
1010,28
1011,27
1012,18
1013,27
1014,15
1015,16
1016,34
1017,2
1018,24
1019,22
1020,23
1021,27
1022,30
1023,15
1024,24
1025,27
1026,21
1027,19
1028,27
1029,28
1030,34
1031,31
1032,40
1033,29
1034,29
1035,23
1036,25
1037,31
1038,29
1039,27
1040,35
1041,22
1042,15
1043,27
1044,16
1045,27
1046,26
1047,30
1048,21
1049,30
1050,29
1051,29
1052,34
1053,28
1054,34
1055,29
1056,30
1057,26
1058,24
1059,21
1060,41
1061,27
1062,33
1063,27
1064,34
1065,30
1066,31
1067,28
1068,22
1069,26
1070,32
1071,2
1072,31
1073,26
1074,28
1075,29
1076,28
1077,38
1078,32
1079,21
1080,18
1081,34
1082,25
1083,25
1084,26
1085,24
1086,29
1087,30
1088,27
1089,23
1090,19
1091,15
1092,29
1093,35
1094,22
1095,30
1096,16
1097,38
1098,24
1099,29
1100,29
1101,29
1102,27
1103,26
1104,34
1105,29
1106,21
1107,29
1108,34
1109,19
1110,24
1111,31
1112,37
1113,29
1114,30
1115,25
1116,35
1117,24
1118,30
1119,22
1120,27
1121,26
1122,32
1123,24
1124,29
1125,30
1126,32
1127,39
1128,28
1129,22
1130,28
1131,25
1132,37
1133,15
1134,15
1135,15
1136,15
1137,31
1138,27
1139,12
1140,23
1141,23
1142,16
1143,24
1144,31
1145,20
1146,25
1147,29
1148,30
1149,25
1150,32
1151,27
1152,21
1153,27
1154,24
1155,28
1156,28
1157,17
1158,25
1159,31
1160,29
1161,37
1162,24
1163,40
1164,16
1165,26
1166,27
1167,24
1168,33
1169,27
1170,26
1171,33
1172,41
1173,24
1174,28
1175,22
1176,30
1177,24
1178,32
1179,29
1180,23
1181,19
1182,22
1183,29
1184,30
1185,26
1186,23
1187,32
1188,22
1189,5
1190,4
1191,31
1192,37
1193,26
1194,29
1195,29
1196,25
1197,22
1198,36
1199,16
1200,28
1201,34
1202,24
1203,39
1204,34
1205,25
1206,28
1207,15
1208,28
1209,27
1210,30
1211,27
1212,33
1213,34
1214,40
1215,33
1216,38
1217,33
1218,29
1219,34
1220,23
1221,29
1222,33
1223,34
1224,15
1225,20
1226,30
1227,15
1228,26
1229,29
1230,21
1231,27
1232,23
1233,21
1234,34
1235,34
1236,18
1237,30
1238,34
1239,2
1240,31
1241,36
1242,26
1243,37
1244,27
1245,28
1246,22
1247,15
1248,40
1249,27
1250,30
1251,26
1252,35
1253,31
1254,31
1255,25
1256,25
1257,16
1258,27
1259,24
1260,32
1261,28
1262,29
1263,23
1264,27
1265,25
1266,21
1267,33
1268,27
1269,17
1270,20
1271,22
1272,30
1273,20
1274,30
1275,23
1276,26
1277,37
1278,18
1279,28
1280,27
1281,24
1282,26
1283,30
1284,26
1285,25
1286,36
1287,22
1288,31
1289,26
1290,28
1291,30
1292,18
1293,26
1294,31
1295,30
1296,30
1297,20
1298,23
1299,27
1300,30
1301,24
1302,19
1303,3
1304,30
1305,28
1306,25
1307,35
1308,22
1309,31
1310,16
1311,33
1312,16
1313,26
1314,22
1315,25
1316,39
1317,28
1318,28
1319,30
1320,21
1321,25
1322,33
1323,31
1324,21
1325,29
1326,35
1327,22
1328,30
1329,22
1330,15
1331,26
1332,24
1333,40
1334,32
1335,29
1336,12
1337,31
1338,33
1339,27
1340,26
1341,25
1342,24
1343,33
1344,28
1345,26
1346,29
1347,29
1348,31
1349,16
1350,24
1351,28
1352,42
1353,36
1354,19
1355,36
1356,28
1357,34
1358,16
1359,16
1360,24
1361,20
1362,19
1363,30
1364,34
1365,2
1366,23
1367,21
1368,29
1369,27
1370,25
1371,24
1372,27
1373,42
1374,25
1375,36
1376,23
1377,36
1378,30
1379,24
1380,22
1381,24
1382,24
1383,40
1384,25
1385,22
1386,29
1387,25
1388,25
1389,30
1390,35
1391,29
1392,35
1393,30
1394,25
1395,38
1396,33
1397,25
1398,32
1399,21
1400,37
1401,25
1402,31
1403,32
1404,29
1405,29
1406,18
1407,29
1408,32
1409,26
1410,28
1411,26
1412,21
1413,29
1414,26
1415,29
1416,26
1417,20
1418,15
1419,28
1420,36
1421,19
1422,15
1423,19
1424,24
1425,24
1426,31
1427,23
1428,25
1429,21
1430,33
1431,27
1432,15
1433,28
1434,19
1435,37
1436,25
1437,35
1438,20
1439,20
1440,35
1441,19
1442,27
1443,27
1444,33
1445,23
1446,36
1447,31
1448,21
1449,2
1450,26
1451,27
1452,26
1453,20
1454,28
1455,25
1456,15
1457,26
1458,27
1459,22
1460,22
1461,16
1462,29
1463,23
1464,41
1465,20
1466,25
1467,45
1468,15
1469,12
1470,16
1471,32
1472,25
1473,25
1474,12
1475,37
1476,30
1477,24
1478,32
1479,23
1480,16
1481,32
1482,26
1483,37
1484,21
1485,23
1486,28
1487,31
1488,23
1489,31
1490,32
1491,28
1492,29
1493,9
1494,25
1495,30
1496,27
1497,20
1498,27
1499,15
1500,17
1501,23
1502,25
1503,34
1504,26
1505,29
1506,7
1507,32
1508,24
1509,40
1510,23
1511,21
1512,27
1513,16
1514,31
1515,23
1516,30
1517,26
1518,20
1519,27
1520,29
1521,28
1522,25
1523,39
1524,30
1525,25
1526,26
1527,17
1528,33
1529,15
1530,27
1531,31
1532,20
1533,17
1534,38
1535,27
1536,32
1537,35
1538,22
1539,22
1540,16
1541,29
1542,26
1543,21
1544,32
1545,23
1546,23
1547,15
1548,29
1549,23
1550,28
1551,26
1552,25
1553,6
1554,19
1555,22
1556,25
1557,30
1558,22
1559,29
1560,23
1561,24
1562,23
1563,30
1564,30
1565,20
1566,23
1567,30
1568,25
1569,15
1570,27
1571,35
1572,30
1573,27
1574,25
1575,39
1576,34
1577,16
1578,43
1579,26
1580,36
1581,25
1582,33
1583,15
1584,27
1585,27
1586,34
1587,32
1588,34
1589,29
1590,33
1591,25
1592,31
1593,30
1594,25
1595,34
1596,30
1597,26
1598,15
1599,24
1600,20
1601,29
1602,28
1603,31
1604,37
1605,26
1606,29
1607,24
1608,22
1609,23
1610,21
1611,19
1612,37
1613,26
1614,22
1615,25
1616,24
1617,29
1618,29
1619,24
1620,32
1621,32
1622,19
1623,27
1624,21
1625,32
1626,29
1627,15
1628,34
1629,28
1630,37
1631,35
1632,33
1633,22
1634,16
1635,26
1636,28
1637,30
1638,24
1639,22
1640,24
1641,34
1642,31
1643,33
1644,24
1645,15
1646,32
1647,29
1648,35
1649,23
1650,21
1651,30
1652,24
1653,24
1654,30
1655,24
1656,26
1657,22
1658,30
1659,41
1660,30
1661,16
1662,17
1663,15
1664,22
1665,20
1666,13
1667,24
1668,26
1669,30
1670,27
1671,26
1672,28
1673,30
1674,20
1675,23
1676,33
1677,30
1678,23
1679,23
1680,33
1681,31
1682,22
1683,19
1684,16
1685,36
1686,28
1687,29
1688,22
1689,21
1690,19
1691,33
1692,24
1693,30
1694,27
1695,16
1696,15
1697,30
1698,26
1699,16
1700,15
1701,27
1702,37
1703,17
1704,31
1705,21
1706,22
1707,19
1708,30
1709,21
1710,27
1711,18
1712,23
1713,20
1714,26
1715,21
1716,22
1717,20
1718,24
1719,31
1720,36
1721,22
1722,26
1723,32
1724,34
1725,35
1726,33
1727,16
1728,20
1729,27
1730,25
1731,36
1732,24
1733,35
1734,27
1735,23
1736,15
1737,29
1738,40
1739,15
1740,34
1741,25
1742,26
1743,27
1744,23
1745,35
1746,26
1747,27
1748,24
1749,22
1750,32
1751,27
1752,28
1753,31
1754,29
1755,33
1756,32
1757,36
1758,15
1759,21
1760,39
1761,29
1762,25
1763,36
1764,27
1765,29
1766,19
1767,20
1768,18
1769,28
1770,34
1771,31
1772,30
1773,20
1774,22
1775,19
1776,26
1777,20
1778,30
1779,36
1780,15
1781,24
1782,21
1783,15
1784,22
1785,29
1786,22
1787,38
1788,29
1789,24
1790,30
1791,16
1792,21
1793,25
1794,31
1795,22
1796,27
1797,22
1798,37
1799,24
1800,31
1801,28
1802,23
1803,35
1804,35
1805,18
1806,26
1807,23
1808,23
1809,26
1810,24
1811,19
1812,33
1813,29
1814,19
1815,19
1816,35
1817,27
1818,22
1819,33
1820,20
1821,29
1822,24
1823,34
1824,28
1825,26
1826,29
1827,29
1828,24
1829,38
1830,32
1831,15
1832,32
1833,27
1834,30
1835,36
1836,31
1837,17
1838,26
1839,33
1840,32
1841,27
1842,26
1843,42
1844,34
1845,25
1846,33
1847,35
1848,23
1849,35
1850,20
1851,21
1852,15
1853,32
1854,18
1855,29
1856,16
1857,15
1858,23
1859,40
1860,28
1861,38
1862,24
1863,27
1864,29
1865,35
1866,30
1867,19
1868,22
1869,26
1870,31
1871,31
1872,32
1873,16
1874,31
1875,34
1876,31
1877,29
1878,33
1879,23
1880,26
1881,28
1882,25
1883,29
1884,23
1885,36
1886,26
1887,40
1888,15
1889,22
1890,15
1891,27
1892,28
1893,29
1894,36
1895,32
1896,34
1897,22
1898,25
1899,26
1900,38
1901,35
1902,22
1903,17
1904,27
1905,27
1906,15
1907,25
1908,24
1909,24
1910,22
1911,27
1912,28
1913,34
1914,30
1915,25
1916,31
1917,26
1918,19
1919,27
1920,25
1921,28
1922,40
1923,27
1924,15
1925,21
1926,16
1927,25
1928,15
1929,29
1930,22
1931,35
1932,29
1933,27
1934,27
1935,15
1936,27
1937,34
1938,25
1939,23
1940,24
1941,23
1942,34
1943,27
1944,24
1945,26
1946,33
1947,26
1948,30
1949,26
1950,24
1951,28
1952,29
1953,29
1954,16
1955,33
1956,29
1957,16
1958,25
1959,26
1960,20
1961,28
1962,44
1963,21
1964,31
1965,25
1966,14
1967,16
1968,31
1969,25
1970,2
1971,28
1972,25
1973,4
1974,37
1975,23
1976,31
1977,16
1978,22
1979,31
1980,23
1981,19
1982,21
1983,27
1984,28
1985,31
1986,15
1987,27
1988,28
1989,31
1990,31
1991,24
1992,29
1993,39
1994,32
1995,19
1996,24
1997,25
1998,29
1999,30
2000,2
2001,26
2002,32
2003,26
2004,25
2005,27
2006,33
2007,27
2008,27
2009,20
2010,25
2011,29
2012,32
2013,23
2014,22
2015,31
2016,36
2017,25
2018,20
2019,24
2020,34
2021,34
2022,29
2023,25
2024,35
2025,45
2026,37
2027,36
2028,29
2029,29
2030,23
2031,22
2032,27
2033,30
2034,29
2035,26
2036,33
2037,28
2038,19
2039,34
2040,34
2041,29
2042,31
2043,24
2044,26
2045,34
2046,27
2047,27
2048,33
2049,24
2050,39
2051,21
2052,30
2053,41
2054,28
2055,18
2056,32
2057,17
2058,35
2059,25
2060,16
2061,24
2062,18
2063,23
2064,28
2065,27
2066,19
2067,25
2068,21
2069,20
2070,23
2071,24
2072,37
2073,32
2074,21
2075,32
2076,33
2077,24
2078,35
2079,31
2080,28
2081,27
2082,27
2083,28
2084,20
2085,36
2086,16
2087,25
2088,17
2089,26
2090,26
2091,28
2092,34
2093,36
2094,29
2095,35
2096,31
2097,22
2098,25
2099,15
2100,21
2101,18
2102,31
2103,22
2104,33
2105,27
2106,25
2107,25
2108,19
2109,25
2110,24
2111,36
2112,33
2113,28
2114,38
2115,34
2116,2
2117,19
2118,34
2119,20
2120,23
2121,31
2122,24
2123,36
2124,30
2125,32
2126,40
2127,16
2128,40
2129,38
2130,29
2131,25
2132,27
2133,27
2134,15
2135,27
2136,32
2137,15
2138,5
2139,30
2140,29
2141,22
2142,24
2143,20
2144,25
2145,24
2146,18
2147,33
2148,24
2149,22
2150,23
2151,34
2152,31
2153,23
2154,17
2155,41
2156,29
2157,30
2158,33
2159,20
2160,29
2161,23
2162,25
2163,30
2164,9
2165,2
2166,30
2167,46
2168,31
2169,25
2170,30
2171,44
2172,34
2173,29
2174,29
2175,32
2176,29
2177,15
2178,27
2179,25
2180,28
2181,16
2182,28
2183,29
2184,22
2185,32
2186,22
2187,15
2188,30
2189,28
2190,36
2191,32
2192,20
2193,24
2194,28
2195,31
2196,25
2197,33
2198,24
2199,32
2200,20
2201,27
2202,24
2203,17
2204,23
2205,27
2206,41
2207,35
2208,27
2209,24
2210,16
2211,22
2212,24
2213,25
2214,28
2215,25
2216,27
2217,21
2218,19
2219,26
2220,32
2221,25
2222,25
2223,16
2224,29
2225,27
2226,30
2227,27
2228,16
2229,25
2230,34
2231,32
2232,38
2233,31
2234,25
2235,19
2236,34
2237,31
2238,24
2239,24
2240,34
2241,24
2242,29
2243,30
2244,30
2245,31
2246,34
2247,39
2248,34
2249,28
2250,6
2251,34
2252,30
2253,34
2254,29
2255,24
2256,30
2257,25
2258,41
2259,28
2260,31
2261,34
2262,15
2263,31
2264,30
2265,21
2266,32
2267,30
2268,31
2269,36
2270,27
2271,27
2272,34
2273,30
2274,22
2275,22
2276,16
2277,16
2278,26
2279,34
2280,22
2281,31
2282,21
2283,20
2284,16
2285,27
2286,37
2287,30
2288,30
2289,15
2290,28
2291,2
2292,34
2293,26
2294,24
2295,2
2296,21
2297,34
2298,3
2299,30
2300,31
2301,33
2302,28
2303,30
2304,30
2305,25
2306,26
2307,31
2308,43
2309,29
2310,29
2311,30
2312,20
2313,25
2314,16
2315,32
2316,22
2317,26
2318,39
2319,15
2320,26
2321,24
2322,26
2323,31
2324,32
2325,15
2326,32
2327,29
2328,23
2329,23
2330,24
2331,29
2332,27
2333,38
2334,23
2335,23
2336,27
2337,33
2338,26
2339,36
2340,29
2341,21
2342,28
2343,29
2344,18
2345,31
2346,27
2347,20
2348,23
2349,31
2350,51
2351,34
2352,35
2353,36
2354,29
2355,19
2356,27
2357,28
2358,32
2359,10
2360,16
2361,29
2362,31
2363,21
2364,30
2365,27
2366,29
2367,23
2368,37
2369,25
2370,24
2371,31
2372,20
2373,28
2374,27
2375,7
2376,25
2377,36
2378,24
2379,32
2380,33
2381,27
2382,40
2383,34
2384,29
2385,25
2386,22
2387,43
2388,23
2389,27
2390,31
2391,36
2392,25
2393,28
2394,25
2395,27
2396,29
2397,25
2398,22
2399,29
2400,16
2401,32
2402,30
2403,34
2404,22
2405,24
2406,32
2407,23
2408,19
2409,23
2410,27
2411,2
2412,35
2413,33
2414,19
2415,27
2416,24
2417,38
2418,23
2419,19
2420,36
2421,26
2422,24
2423,16
2424,26
2425,27
2426,32
2427,25
2428,22
2429,27
2430,30
2431,38
2432,31
2433,35
2434,22
2435,28
2436,25
2437,35
2438,2
2439,29
2440,36
2441,26
2442,21
2443,22
2444,28
2445,25
2446,21
2447,26
2448,23
2449,30
2450,29
2451,31
2452,30
2453,25
2454,32
2455,16
2456,23
2457,13
2458,16
2459,23
2460,31
2461,40
2462,27
2463,33
2464,28
2465,19
2466,39
2467,29
2468,16
2469,26
2470,32
2471,17
2472,26
2473,31
2474,34
2475,22
2476,23
2477,30
2478,36
2479,37
2480,34
2481,39
2482,24
2483,24
2484,28
2485,35
2486,26
2487,22
2488,16
2489,21
2490,32
2491,25
2492,40
2493,42
2494,17
2495,31
2496,23
2497,16
2498,16
2499,32
2500,37
2501,29
2502,5
2503,29
2504,34
2505,30
2506,25
2507,19
2508,25
2509,30
2510,35
2511,31
2512,16
2513,25
2514,29
2515,35
2516,29
2517,41
2518,37
2519,19
2520,24
2521,23
2522,29
2523,16
2524,29
2525,45
2526,34
2527,14
2528,21
2529,23
2530,34
2531,30
2532,32
2533,22
2534,27
2535,25
2536,23
2537,27
2538,37
2539,27
2540,24
2541,26
2542,21
2543,23
2544,35
2545,29
2546,21
2547,16
2548,36
2549,26
2550,24
2551,23
2552,27
2553,30
2554,15
2555,26
2556,28
2557,17
2558,16
2559,30
2560,24
2561,34
2562,32
2563,25
2564,27
2565,25
2566,34
2567,26
2568,25
2569,22
2570,31
2571,28
2572,38
2573,31
2574,21
2575,25
2576,33
2577,27
2578,26
2579,22
2580,26
2581,35
2582,18
2583,30
2584,16
2585,23
2586,26
2587,28
2588,33
2589,28
2590,24
2591,21
2592,41
2593,19
2594,28
2595,34
2596,17
2597,14
2598,29
2599,25
2600,19
2601,24
2602,27
2603,23
2604,30
2605,29
2606,33
2607,16
2608,30
2609,26
2610,26
2611,28
2612,22
2613,32
2614,32
2615,32
2616,20
2617,31
2618,25
2619,31
2620,27
2621,24
2622,31
2623,27
2624,27
2625,31
2626,2
2627,14
2628,23
2629,2
2630,36
2631,24
2632,29
2633,22
2634,25
2635,23
2636,25
2637,27
2638,44
2639,15
2640,38
2641,38
2642,30
2643,15
2644,33
2645,27
2646,34
2647,28
2648,27
2649,34
2650,30
2651,33
2652,28
2653,37
2654,18
2655,19
2656,25
2657,2
2658,34
2659,32
2660,26
2661,16
2662,19
2663,32
2664,23
2665,24
2666,19
2667,32
2668,23
2669,28
2670,22
2671,26
2672,32
2673,27
2674,25
2675,29
2676,29
2677,26
2678,29
2679,28
2680,28
2681,35
2682,24
2683,22
2684,26
2685,38
2686,28
2687,23
2688,28
2689,27
2690,24
2691,30
2692,29
2693,25
2694,28
2695,24
2696,24
2697,27
2698,30
2699,26
2700,16
2701,28
2702,32
2703,25
2704,25
2705,31
2706,38
2707,38
2708,23
2709,27
2710,27
2711,26
2712,41
2713,27
2714,28
2715,26
2716,24
2717,37
2718,30
2719,19
2720,31
2721,33
2722,27
2723,25
2724,32
2725,18
2726,27
2727,26
2728,25
2729,19
2730,38
2731,25
2732,23
2733,41
2734,26
2735,30
2736,38
2737,25
2738,28
2739,27
2740,29
2741,24
2742,29
2743,33
2744,21
2745,30
2746,20
2747,21
2748,16
2749,27
2750,26
2751,16
2752,30
2753,28
2754,16
2755,27
2756,28
2757,31
2758,29
2759,29
2760,31
2761,27
2762,26
2763,26
2764,31
2765,27
2766,21
2767,27
2768,20
2769,27
2770,28
2771,37
2772,38
2773,32
2774,25
2775,31
2776,27
2777,29
2778,22
2779,42
2780,27
2781,30
2782,23
2783,29
2784,32
2785,29
2786,27
2787,31
2788,23
2789,24
2790,19
2791,32
2792,36
2793,33
2794,30
2795,21
2796,33
2797,34
2798,20
2799,16
2800,29
2801,29
2802,8
2803,19
2804,22
2805,34
2806,25
2807,27
2808,15
2809,34
2810,32
2811,27
2812,22
2813,25
2814,23
2815,14
2816,42
2817,34
2818,26
2819,22
2820,21
2821,34
2822,17
2823,18
2824,25
2825,16
2826,24
2827,19
2828,25
2829,27
2830,27
2831,17
2832,28
2833,30
2834,27
2835,24
2836,24
2837,20
2838,15
2839,31
2840,30
2841,23
2842,25
2843,18
2844,25
2845,33
2846,24
2847,33
2848,34
2849,28
2850,26
2851,30
2852,30
2853,27
2854,23
2855,19
2856,34
2857,30
2858,27
2859,24
2860,41
2861,33
2862,32
2863,29
2864,36
2865,26
2866,32
2867,27
2868,27
2869,36
2870,30
2871,25
2872,2
2873,26
2874,23
2875,29
2876,29
2877,30
2878,15
2879,21
2880,27
2881,25
2882,31
2883,25
2884,39
2885,26
2886,34
2887,39
2888,29
2889,23
2890,35
2891,28
2892,19
2893,23
2894,26
2895,31
2896,27
2897,31
2898,35
2899,28
2900,26
2901,7
2902,27
2903,36
2904,24
2905,29
2906,32
2907,32
2908,23
2909,18
2910,28
2911,26
2912,16
2913,25
2914,26
2915,8
2916,33
2917,24
2918,26
2919,25
2920,28
2921,5
2922,29
2923,25
2924,30
2925,32
2926,16
2927,39
2928,41
2929,27
2930,37
2931,31
2932,19
2933,24
2934,26
2935,27
2936,19
2937,23
2938,37
2939,28
2940,24
2941,35
2942,28
2943,20
2944,27
2945,28
2946,4
2947,32
2948,35
2949,34
2950,31
2951,15
2952,30
2953,18
2954,24
2955,21
2956,33
2957,30
2958,28
2959,28
2960,26
2961,30
2962,18
2963,42
2964,27
2965,41
2966,20
2967,29
2968,25
2969,26
2970,28
2971,39
2972,24
2973,16
2974,27
2975,29
2976,25
2977,24
2978,29
2979,26
2980,41
2981,23
2982,35
2983,28
2984,34
2985,23
2986,38
2987,25
2988,29
2989,36
2990,27
2991,32
2992,22
2993,39
2994,21
2995,33
2996,18
2997,15
2998,26
2999,27
3000,23
3001,31
3002,34
3003,28
3004,40
3005,23
3006,27
3007,28
3008,19
3009,36
3010,19
3011,15
3012,30
3013,32
3014,25
3015,32
3016,28
3017,27
3018,31
3019,31
3020,27
3021,25
3022,15
3023,38
3024,28
3025,30
3026,41
3027,25
3028,25
3029,32
3030,28
3031,37
3032,30
3033,32
3034,30
3035,16
3036,33
3037,22
3038,34
3039,24
3040,16
3041,25
3042,5
3043,20
3044,28
3045,29
3046,27
3047,28
3048,25
3049,17
3050,30
3051,17
3052,29
3053,42
3054,37
3055,32
3056,29
3057,31
3058,27
3059,30
3060,25
3061,40
3062,24
3063,24
3064,29
3065,29
3066,27
3067,34
3068,30
3069,31
3070,22
3071,23
3072,27
3073,29
3074,25
3075,24
3076,21
3077,35
3078,25
3079,36
3080,34
3081,34
3082,19
3083,16
3084,37
3085,27
3086,27
3087,27
3088,29
3089,34
3090,34
3091,35
3092,33
3093,28
3094,25
3095,20
3096,40
3097,32
3098,15
3099,27
3100,36
3101,28
3102,15
3103,22
3104,34
3105,28
3106,23
3107,25
3108,33
3109,26
3110,34
3111,30
3112,27
3113,33
3114,15
3115,28
3116,29
3117,32
3118,29
3119,23
3120,41
3121,28
3122,27
3123,33
3124,27
3125,27
3126,33
3127,23
3128,22
3129,30
3130,21
3131,26
3132,31
3133,33
3134,27
3135,30
3136,34
3137,25
3138,27
3139,2
3140,32
3141,30
3142,36
3143,29
3144,22
3145,21
3146,28
3147,28
3148,26
3149,32
3150,24
3151,38
3152,29
3153,40
3154,24
3155,23
3156,35
3157,25
3158,28
3159,27
3160,31
3161,28
3162,30
3163,28
3164,21
3165,35
3166,23
3167,20
3168,27
3169,19
3170,27
3171,40
3172,31
3173,34
3174,36
3175,24
3176,24
3177,32
3178,25
3179,26
3180,32
3181,31
3182,23
3183,24
3184,34
3185,31
3186,33
3187,46
3188,44
3189,23
3190,42
3191,33
3192,21
3193,30
3194,27
3195,28
3196,27
3197,20
3198,21
3199,15
3200,21
3201,32
3202,32
3203,27
3204,25
3205,40
3206,29
3207,26
3208,25
3209,25
3210,23
3211,16
3212,25
3213,38
3214,25
3215,29
3216,15
3217,25
3218,33
3219,32
3220,36
3221,25
3222,27
3223,26
3224,22
3225,24
3226,9
3227,38
3228,23
3229,27
3230,15
3231,44
3232,24
3233,38
3234,22
3235,31
3236,2
3237,23
3238,31
3239,27
3240,25
3241,24
3242,45
3243,33
3244,30
3245,27
3246,42
3247,33
3248,31
3249,19
3250,29
3251,33
3252,30
3253,24
3254,29
3255,18
3256,38
3257,26
3258,31
3259,28
3260,24
3261,29
3262,32
3263,23
3264,24
3265,26
3266,20
3267,35
3268,31
3269,25
3270,29
3271,24
3272,24
3273,28
3274,21
3275,27
3276,31
3277,27
3278,32
3279,38
3280,33
3281,25
3282,36
3283,34
3284,15
3285,24
3286,29
3287,31
3288,33
3289,29
3290,28
3291,22
3292,33
3293,21
3294,22
3295,18
3296,15
3297,31
3298,40
3299,30
3300,26
3301,19
3302,24
3303,34
3304,16
3305,31
3306,25
3307,19
3308,42
3309,24
3310,16
3311,33
3312,31
3313,32
3314,19
3315,25
3316,22
3317,32
3318,32
3319,28
3320,15
3321,27
3322,32
3323,29
3324,29
3325,25
3326,16
3327,37
3328,27
3329,26
3330,24
3331,25
3332,30
3333,9
3334,39
3335,28
3336,30
3337,37
3338,28
3339,20
3340,24
3341,27
3342,29
3343,21
3344,34
3345,24
3346,15
3347,32
3348,26
3349,27
3350,26
3351,24
3352,23
3353,32
3354,35
3355,24
3356,17
3357,30
3358,22
3359,27
3360,27
3361,26
3362,27
3363,47
3364,19
3365,28
3366,16
3367,26
3368,15
3369,22
3370,25
3371,20
3372,31
3373,22
3374,38
3375,33
3376,28
3377,36
3378,28
3379,23
3380,32
3381,31
3382,29
3383,37
3384,25
3385,25
3386,28
3387,22
3388,28
3389,25
3390,27
3391,27
3392,26
3393,15
3394,29
3395,30
3396,30
3397,25
3398,38
3399,21
3400,24
3401,35
3402,28
3403,24
3404,34
3405,26
3406,22
3407,26
3408,27
3409,24
3410,2
3411,34
3412,23
3413,24
3414,26
3415,33
3416,24
3417,25
3418,32
3419,21
3420,31
3421,22
3422,32
3423,23
3424,26
3425,38
3426,20
3427,37
3428,25
3429,12
3430,20
3431,32
3432,19
3433,21
3434,15
3435,16
3436,33
3437,32
3438,43
3439,31
3440,25
3441,29
3442,29
3443,25
3444,32
3445,30
3446,26
3447,25
3448,25
3449,30
3450,26
3451,31
3452,34
3453,28
3454,27
3455,18
3456,24
3457,28
3458,25
3459,30
3460,30
3461,26
3462,16
3463,16
3464,32
3465,25
3466,33
3467,26
3468,40
3469,30
3470,28
3471,30
3472,23
3473,24
3474,26
3475,28
3476,11
3477,22
3478,26
3479,33
3480,37
3481,22
3482,31
3483,25
3484,41
3485,34
3486,22
3487,30
3488,26
3489,26
3490,25
3491,30
3492,28
3493,30
3494,35
3495,23
3496,19
3497,16
3498,29
3499,40
3500,24
3501,32
3502,28
3503,32
3504,27
3505,34
3506,32
3507,34
3508,29
3509,23
3510,28
3511,21
3512,2
3513,19
3514,29
3515,36
3516,26
3517,24
3518,16
3519,30
3520,23
3521,23
3522,23
3523,21
3524,30
3525,27
3526,25
3527,16
3528,15
3529,26
3530,30
3531,26
3532,33
3533,16
3534,22
3535,31
3536,33
3537,31
3538,29
3539,45
3540,23
3541,28
3542,33
3543,22
3544,27
3545,32
3546,31
3547,13
3548,30
3549,27
3550,36
3551,25
3552,27
3553,26
3554,26
3555,22
3556,16
3557,27
3558,19
3559,31
3560,23
3561,16
3562,38
3563,26
3564,28
3565,25
3566,32
3567,29
3568,31
3569,34
3570,24
3571,33
3572,36
3573,31
3574,24
3575,30
3576,28
3577,36
3578,28
3579,31
3580,30
3581,32
3582,33
3583,30
3584,30
3585,17
3586,19
3587,20
3588,33
3589,28
3590,24
3591,26
3592,30
3593,34
3594,25
3595,28
3596,22
3597,34
3598,15
3599,38
3600,27
3601,26
3602,39
3603,28
3604,28
3605,19
3606,24
3607,28
3608,31
3609,34
3610,34
3611,34
3612,24
3613,28
3614,24
3615,24
3616,15
3617,30
3618,30
3619,22
3620,19
3621,2
3622,27
3623,32
3624,28
3625,36
3626,29
3627,32
3628,23
3629,31
3630,29
3631,28
3632,2
3633,31
3634,33
3635,23
3636,27
3637,37
3638,36
3639,29
3640,30
3641,32
3642,47
3643,32
3644,15
3645,33
3646,32
3647,25
3648,16
3649,2
3650,44
3651,32
3652,26
3653,28
3654,24
3655,29
3656,30
3657,30
3658,20
3659,24
3660,29
3661,38
3662,19
3663,16
3664,31
3665,29
3666,15
3667,26
3668,28
3669,27
3670,33
3671,18
3672,34
3673,29
3674,26
3675,31
3676,31
3677,30
3678,29
3679,27
3680,37
3681,32
3682,25
3683,32
3684,32
3685,28
3686,31
3687,28
3688,15
3689,26
3690,19
3691,28
3692,29
3693,30
3694,28
3695,15
3696,27
3697,33
3698,29
3699,31
3700,17
3701,25
3702,25
3703,23
3704,25
3705,29
3706,17
3707,32
3708,32
3709,27
3710,35
3711,24
3712,38
3713,31
3714,28
3715,29
3716,16
3717,28
3718,34
3719,15
3720,33
3721,30
3722,37
3723,30
3724,43
3725,31
3726,15
3727,22
3728,39
3729,27
3730,32
3731,27
3732,24
3733,23
3734,24
3735,30
3736,27
3737,29
3738,33
3739,30
3740,27
3741,35
3742,31
3743,30
3744,36
3745,23
3746,32
3747,24
3748,23
3749,28
3750,32
3751,38
3752,31
3753,27
3754,27
3755,26
3756,28
3757,36
3758,30
3759,33
3760,24
3761,26
3762,27
3763,33
3764,32
3765,22
3766,24
3767,29
3768,30
3769,16
3770,29
3771,23
3772,27
3773,18
3774,31
3775,25
3776,23
3777,29
3778,30
3779,32
3780,24
3781,28
3782,28
3783,39
3784,27
3785,39
3786,23
3787,33
3788,28
3789,31
3790,33
3791,18
3792,24
3793,33
3794,28
3795,26
3796,21
3797,38
3798,25
3799,2
3800,29
3801,32
3802,34
3803,26
3804,26
3805,18
3806,37
3807,29
3808,28
3809,19
3810,37
3811,45
3812,36
3813,31
3814,28
3815,29
3816,30
3817,39
3818,32
3819,25
3820,18
3821,40
3822,15
3823,38
3824,29
3825,34
3826,27
3827,23
3828,43
3829,30
3830,28
3831,25
3832,36
3833,15
3834,19
3835,28
3836,30
3837,30
3838,19
3839,29
3840,32
3841,20
3842,30
3843,19
3844,31
3845,33
3846,28
3847,27
3848,28
3849,31
3850,20
3851,24
3852,28
3853,33
3854,39
3855,35
3856,16
3857,26
3858,36
3859,28
3860,25
3861,39
3862,26
3863,31
3864,34
3865,28
3866,24
3867,29
3868,25
3869,34
3870,28
3871,31
3872,37
3873,25
3874,37
3875,22
3876,31
3877,36
3878,26
3879,20
3880,25
3881,26
3882,30
3883,32
3884,24
3885,43
3886,37
3887,23
3888,23
3889,40
3890,27
3891,15
3892,24
3893,23
3894,34
3895,35
3896,26
3897,35
3898,28
3899,29
3900,25
3901,24
3902,28
3903,30
3904,20
3905,24
3906,38
3907,30
3908,23
3909,34
3910,24
3911,31
3912,16
3913,31
3914,23
3915,24
3916,32
3917,22
3918,36
3919,29
3920,29
3921,16
3922,27
3923,33
3924,27
3925,25
3926,26
3927,26
3928,23
3929,19
3930,32
3931,23
3932,26
3933,34
3934,25
3935,27
3936,16
3937,22
3938,23
3939,27
3940,31
3941,24
3942,25
3943,32
3944,24
3945,16
3946,19
3947,27
3948,29
3949,22
3950,25
3951,25
3952,31
3953,27
3954,15
3955,38
3956,34
3957,27
3958,28
3959,20
3960,18
3961,34
3962,32
3963,30
3964,36
3965,25
3966,17
3967,31
3968,31
3969,21
3970,23
3971,35
3972,31
3973,34
3974,24
3975,34
3976,26
3977,27
3978,32
3979,39
3980,37
3981,32
3982,30
3983,34
3984,16
3985,16
3986,36
3987,29
3988,38
3989,31
3990,26
3991,24
3992,25
3993,33
3994,21
3995,24
3996,34
3997,22
3998,34
3999,38
