,gameDuration
0,32
1,35
2,28
3,11
4,31
5,39
6,23
7,30
8,32
9,19
10,26
11,22
12,32
13,25
14,34
15,36
16,35
17,30
18,24
19,26
20,23
21,38
22,38
23,32
24,31
25,26
26,27
27,30
28,3
29,26
30,24
31,30
32,32
33,35
34,19
35,39
36,43
37,41
38,28
39,41
40,34
41,30
42,17
43,19
44,45
45,30
46,27
47,27
48,29
49,15
50,19
51,17
52,25
53,32
54,25
55,33
56,27
57,31
58,2
59,28
60,33
61,36
62,28
63,42
64,18
65,31
66,27
67,25
68,20
69,26
70,29
71,33
72,16
73,29
74,9
75,37
76,31
77,38
78,43
79,33
80,26
81,28
82,31
83,25
84,23
85,34
86,36
87,17
88,35
89,27
90,30
91,15
92,34
93,23
94,25
95,25
96,34
97,20
98,43
99,28
100,2
101,25
102,34
103,34
104,32
105,40
106,29
107,24
108,26
109,24
110,16
111,25
112,31
113,39
114,27
115,36
116,28
117,26
118,30
119,31
120,31
121,43
122,2
123,31
124,33
125,38
126,22
127,2
128,24
129,30
130,21
131,31
132,32
133,31
134,30
135,28
136,30
137,29
138,25
139,37
140,30
141,31
142,35
143,33
144,30
145,22
146,26
147,30
148,26
149,23
150,42
151,23
152,19
153,30
154,27
155,31
156,28
157,27
158,32
159,20
160,28
161,27
162,31
163,38
164,37
165,33
166,21
167,23
168,31
169,35
170,23
171,27
172,18
173,26
174,25
175,22
176,35
177,24
178,24
179,25
180,26
181,25
182,34
183,28
184,27
185,35
186,39
187,26
188,22
189,24
190,32
191,24
192,30
193,29
194,31
195,18
196,39
197,21
198,35
199,32
200,32
201,36
202,19
203,21
204,38
205,25
206,53
207,27
208,35
209,25
210,36
211,25
212,27
213,15
214,36
215,23
216,34
217,30
218,30
219,25
220,29
221,23
222,33
223,16
224,15
225,28
226,19
227,24
228,32
229,2
230,32
231,21
232,32
233,33
234,27
235,36
236,29
237,17
238,35
239,36
240,33
241,31
242,25
243,26
244,35
245,28
246,28
247,36
248,30
249,20
250,39
251,36
252,23
253,33
254,28
255,29
256,20
257,31
258,28
259,45
260,28
261,21
262,15
263,29
264,24
265,26
266,31
267,29
268,28
269,31
270,37
271,40
272,30
273,34
274,16
275,24
276,29
277,19
278,32
279,33
280,39
281,31
282,27
283,15
284,30
285,30
286,17
287,19
288,23
289,26
290,27
291,23
292,26
293,41
294,39
295,31
296,25
297,31
298,21
299,31
300,34
301,16
302,39
303,35
304,26
305,22
306,33
307,32
308,20
309,25
310,33
311,23
312,24
313,19
314,37
315,30
316,16
317,19
318,39
319,25
320,26
321,29
322,30
323,31
324,22
325,15
326,38
327,27
328,20
329,17
330,41
331,32
332,22
333,28
334,23
335,19
336,34
337,29
338,23
339,38
340,28
341,24
342,30
343,29
344,22
345,46
346,20
347,26
348,28
349,25
350,24
351,41
352,27
353,31
354,21
355,34
356,45
357,28
358,23
359,29
360,32
361,29
362,45
363,20
364,32
365,23
366,29
367,43
368,16
369,21
370,30
371,15
372,30
373,24
374,39
375,32
376,23
377,29
378,32
379,28
380,33
381,26
382,27
383,16
384,28
385,31
386,2
387,21
388,32
389,26
390,21
391,31
392,23
393,30
394,26
395,2
396,34
397,32
398,28
399,27
400,26
401,32
402,35
403,21
404,33
405,30
406,34
407,29
408,29
409,28
410,44
411,27
412,29
413,25
414,16
415,29
416,36
417,34
418,25
419,31
420,29
421,32
422,28
423,26
424,29
425,30
426,27
427,30
428,25
429,35
430,36
431,34
432,27
433,29
434,29
435,25
436,34
437,29
438,25
439,24
440,28
441,21
442,28
443,24
444,34
445,36
446,2
447,2
448,27
449,25
450,36
451,18
452,25
453,20
454,25
455,29
456,24
457,25
458,23
459,25
460,34
461,28
462,27
463,27
464,33
465,25
466,32
467,17
468,43
469,30
470,19
471,30
472,32
473,30
474,33
475,18
476,22
477,23
478,26
479,15
480,39
481,31
482,35
483,36
484,29
485,35
486,19
487,25
488,30
489,31
490,20
491,30
492,38
493,26
494,34
495,28
496,33
497,32
498,32
499,45
500,36
501,21
502,41
503,25
504,45
505,25
506,16
507,27
508,33
509,37
510,34
511,36
512,27
513,29
514,36
515,29
516,30
517,34
518,12
519,38
520,28
521,30
522,39
523,24
524,21
525,24
526,39
527,29
528,24
529,34
530,31
531,34
532,40
533,25
534,32
535,28
536,35
537,25
538,28
539,46
540,26
541,19
542,31
543,24
544,27
545,2
546,31
547,42
548,36
549,28
550,30
551,16
552,28
553,26
554,39
555,26
556,24
557,15
558,23
559,36
560,20
561,26
562,39
563,30
564,27
565,32
566,28
567,26
568,32
569,20
570,16
571,33
572,33
573,29
574,24
575,25
576,36
577,29
578,19
579,36
580,25
581,18
582,34
583,15
584,32
585,21
586,20
587,27
588,23
589,36
590,24
591,21
592,26
593,2
594,46
595,39
596,30
597,28
598,28
599,33
600,38
601,22
602,34
603,26
604,29
605,40
606,29
607,14
608,32
609,29
610,32
611,29
612,29
613,42
614,29
615,15
616,22
617,19
618,29
619,22
620,32
621,27
622,40
623,34
624,36
625,19
626,36
627,27
628,24
629,32
630,26
631,31
632,33
633,21
634,32
635,20
636,27
637,15
638,15
639,36
640,20
641,23
642,36
643,23
644,37
645,30
646,33
647,29
648,25
649,31
650,28
651,23
652,24
653,52
654,25
655,29
656,29
657,23
658,28
659,23
660,31
661,16
662,28
663,24
664,28
665,12
666,29
667,30
668,27
669,34
670,31
671,29
672,16
673,21
674,16
675,32
676,33
677,29
678,32
679,32
680,32
681,16
682,33
683,31
684,21
685,32
686,24
687,32
688,35
689,50
690,33
691,27
692,34
693,27
694,40
695,16
696,29
697,29
698,25
699,25
700,26
701,26
702,31
703,18
704,27
705,33
706,27
707,27
708,26
709,42
710,37
711,33
712,34
713,31
714,30
715,23
716,32
717,25
718,22
719,41
720,23
721,32
722,26
723,30
724,25
725,33
726,16
727,17
728,21
729,29
730,22
731,28
732,25
733,30
734,33
735,30
736,41
737,25
738,24
739,29
740,32
741,26
742,30
743,21
744,23
745,27
746,24
747,30
748,29
749,31
750,31
751,34
752,23
753,31
754,28
755,46
756,22
757,26
758,33
759,32
760,36
761,17
762,15
763,32
764,25
765,27
766,27
767,28
768,7
769,22
770,20
771,26
772,30
773,24
774,38
775,33
776,33
777,37
778,35
779,27
780,36
781,38
782,20
783,28
784,35
785,22
786,27
787,28
788,33
789,13
790,25
791,35
792,25
793,22
794,24
795,31
796,30
797,20
798,30
799,23
800,32
801,29
802,25
803,25
804,30
805,16
806,42
807,28
808,22
809,25
810,26
811,29
812,30
813,27
814,38
815,32
816,27
817,32
818,30
819,25
820,29
821,25
822,25
823,34
824,33
825,43
826,25
827,23
828,39
829,30
830,22
831,28
832,28
833,23
834,35
835,29
836,17
837,38
838,24
839,33
840,38
841,32
842,31
843,47
844,31
845,35
846,34
847,30
848,30
849,33
850,40
851,38
852,28
853,26
854,18
855,22
856,25
857,24
858,36
859,33
860,32
861,30
862,24
863,29
864,32
865,28
866,44
867,29
868,31
869,7
870,34
871,26
872,42
873,37
874,28
875,36
876,27
877,32
878,29
879,33
880,18
881,30
882,33
883,35
884,35
885,33
886,33
887,19
888,28
889,32
890,24
891,37
892,33
893,29
894,34
895,29
896,37
897,35
898,37
899,38
900,24
901,30
902,43
903,37
904,26
905,22
906,39
907,26
908,32
909,35
910,22
911,31
912,29
913,31
914,16
915,29
916,44
917,32
918,26
919,17
920,31
921,24
922,38
923,16
924,42
925,28
926,24
927,18
928,23
929,39
930,25
931,29
932,32
933,25
934,30
935,31
936,23
937,36
938,28
939,40
940,22
941,25
942,33
943,23
944,16
945,21
946,26
947,40
948,41
949,32
950,22
951,42
952,34
953,24
954,32
955,25
956,32
957,28
958,39
959,33
960,25
961,24
962,24
963,36
964,28
965,34
966,27
967,25
968,41
969,33
970,24
971,26
972,28
973,29
974,30
975,28
976,16
977,20
978,31
979,28
980,21
981,20
982,21
983,28
984,27
985,28
986,27
987,42
988,25
989,40
990,26
991,34
992,23
993,23
994,35
995,35
996,25
997,21
998,41
999,24
1000,29
1001,27
1002,35
1003,35
1004,25
1005,36
1006,27
1007,28
1008,26
1009,28
1010,39
1011,23
1012,37
1013,29
1014,26
1015,37
1016,35
1017,25
1018,25
1019,34
1020,25
1021,19
1022,29
1023,29
1024,29
1025,33
1026,28
1027,31
1028,32
1029,32
1030,31
1031,32
1032,30
1033,32
1034,37
1035,29
1036,36
1037,27
1038,24
1039,25
1040,23
1041,30
1042,34
1043,28
1044,29
1045,43
1046,16
1047,34
1048,27
1049,33
1050,27
1051,31
1052,17
1053,16
1054,28
1055,15
1056,37
1057,27
1058,36
1059,32
1060,37
1061,28
1062,15
1063,23
1064,25
1065,31
1066,29
1067,30
1068,25
1069,31
1070,40
1071,42
1072,37
1073,19
1074,32
1075,31
1076,42
1077,32
1078,36
1079,27
1080,23
1081,44
1082,26
1083,26
1084,34
1085,27
1086,24
1087,29
1088,27
1089,34
1090,25
1091,21
1092,29
1093,35
1094,31
1095,28
1096,30
1097,28
1098,30
1099,24
1100,27
1101,32
1102,22
1103,26
1104,29
1105,35
1106,22
1107,29
1108,31
1109,26
1110,31
1111,29
1112,32
1113,32
1114,28
1115,26
1116,28
1117,15
1118,19
1119,25
1120,36
1121,2
1122,29
1123,25
1124,27
1125,33
1126,23
1127,29
1128,33
1129,26
1130,2
1131,28
1132,25
1133,31
1134,38
1135,22
1136,31
1137,27
1138,28
1139,22
1140,30
1141,31
1142,26
1143,22
1144,35
1145,29
1146,2
1147,28
1148,33
1149,34
1150,32
1151,27
1152,30
1153,24
1154,38
1155,35
1156,34
1157,28
1158,27
1159,34
1160,31
1161,37
1162,5
1163,33
1164,24
1165,45
1166,30
1167,23
1168,29
1169,28
1170,30
1171,32
1172,25
1173,27
1174,25
1175,36
1176,16
1177,29
1178,42
1179,33
1180,34
1181,26
1182,40
1183,16
1184,31
1185,37
1186,32
1187,30
1188,29
1189,27
1190,35
1191,30
1192,32
1193,38
1194,30
1195,27
1196,35
1197,19
1198,18
1199,29
1200,46
1201,36
1202,32
1203,22
1204,33
1205,37
1206,30
1207,32
1208,28
1209,26
1210,40
1211,34
1212,18
1213,36
1214,32
1215,19
1216,34
1217,13
1218,24
1219,12
1220,29
1221,23
1222,2
1223,33
1224,30
1225,22
1226,34
1227,27
1228,26
1229,25
1230,37
1231,24
1232,40
1233,33
1234,31
1235,15
1236,36
1237,27
1238,34
1239,25
1240,36
1241,25
1242,35
1243,31
1244,39
1245,36
1246,29
1247,45
1248,34
1249,17
1250,30
1251,30
1252,33
1253,36
1254,27
1255,21
1256,22
1257,31
1258,22
1259,29
1260,25
1261,33
1262,34
1263,31
1264,27
1265,25
1266,35
1267,30
1268,39
1269,33
1270,26
1271,24
1272,33
1273,30
1274,38
1275,19
1276,30
1277,19
1278,36
1279,33
1280,27
1281,17
1282,19
1283,23
1284,29
1285,22
1286,29
1287,29
1288,39
1289,21
1290,29
1291,27
1292,30
1293,42
1294,34
1295,22
1296,34
1297,22
1298,43
1299,24
1300,32
1301,19
1302,31
1303,35
1304,29
1305,30
1306,27
1307,30
1308,19
1309,40
1310,30
1311,31
1312,33
1313,37
1314,30
1315,28
1316,33
1317,35
1318,30
1319,28
1320,38
1321,40
1322,36
1323,30
1324,27
1325,12
1326,42
1327,21
1328,33
1329,30
1330,24
1331,16
1332,20
1333,29
1334,32
1335,34
1336,46
1337,16
1338,35
1339,31
1340,32
1341,30
1342,33
1343,29
1344,30
1345,34
1346,25
1347,38
1348,36
1349,29
1350,38
1351,28
1352,35
1353,29
1354,32
1355,37
1356,36
1357,30
1358,33
1359,23
1360,32
1361,19
1362,15
1363,46
1364,25
1365,36
1366,19
1367,36
1368,32
1369,21
1370,26
1371,20
1372,24
1373,28
1374,31
1375,45
1376,3
1377,23
1378,22
1379,16
1380,22
1381,32
1382,28
1383,33
1384,15
1385,26
1386,35
1387,34
1388,29
1389,27
1390,27
1391,40
1392,15
1393,40
1394,28
1395,33
1396,39
1397,36
1398,31
1399,36
1400,29
1401,26
1402,31
1403,43
1404,21
1405,34
1406,38
1407,32
1408,22
1409,25
1410,15
1411,35
1412,2
1413,31
1414,36
1415,28
1416,50
1417,51
1418,41
1419,45
1420,36
1421,26
1422,31
1423,34
1424,2
1425,34
1426,33
1427,24
1428,32
1429,25
1430,28
1431,18
1432,29
1433,30
1434,29
1435,33
1436,23
1437,33
1438,31
1439,28
1440,35
1441,35
1442,25
1443,2
1444,33
1445,15
1446,34
1447,35
1448,26
1449,30
1450,28
1451,28
1452,32
1453,36
1454,29
1455,29
1456,29
1457,37
1458,23
1459,24
1460,32
1461,28
1462,25
1463,27
1464,28
1465,30
1466,27
1467,23
1468,27
1469,20
1470,41
1471,25
1472,22
1473,43
1474,34
1475,29
1476,24
1477,23
1478,16
1479,34
1480,30
1481,27
1482,28
1483,32
1484,33
1485,43
1486,37
1487,29
1488,35
1489,23
1490,29
1491,36
1492,30
1493,25
1494,21
1495,35
1496,27
1497,27
1498,34
1499,29
1500,28
1501,33
1502,24
1503,27
1504,15
1505,35
1506,43
1507,30
1508,33
1509,37
1510,24
1511,22
1512,25
1513,16
1514,37
1515,23
1516,27
1517,25
1518,25
1519,28
1520,25
1521,33
1522,40
1523,21
1524,34
1525,31
1526,30
1527,15
1528,17
1529,41
1530,23
1531,48
1532,29
1533,35
1534,32
1535,3
1536,28
1537,23
1538,24
1539,35
1540,29
1541,27
1542,49
1543,15
1544,17
1545,29
1546,35
1547,20
1548,26
1549,29
1550,40
1551,31
1552,23
1553,33
1554,24
1555,32
1556,25
1557,28
1558,33
1559,27
1560,16
1561,28
1562,28
1563,31
1564,35
1565,18
1566,25
1567,24
1568,32
1569,24
1570,29
1571,47
1572,15
1573,15
1574,29
1575,34
1576,33
1577,50
1578,22
1579,24
1580,24
1581,28
1582,24
1583,28
1584,30
1585,30
1586,29
1587,37
1588,27
1589,25
1590,24
1591,31
1592,31
1593,26
1594,25
1595,22
1596,5
1597,20
1598,32
1599,31
1600,17
1601,28
1602,21
1603,38
1604,31
1605,29
1606,34
1607,18
1608,21
1609,29
1610,35
1611,25
1612,36
1613,39
1614,27
1615,26
1616,2
1617,2
1618,26
1619,3
1620,15
1621,15
1622,23
1623,32
1624,38
1625,25
1626,25
1627,36
1628,36
1629,25
1630,29
1631,31
1632,41
1633,26
1634,32
1635,29
1636,34
1637,25
1638,46
1639,35
1640,33
1641,34
1642,35
1643,26
1644,25
1645,30
1646,43
1647,18
1648,30
1649,32
1650,24
1651,36
1652,33
1653,15
1654,21
1655,26
1656,33
1657,30
1658,24
1659,24
1660,25
1661,31
1662,24
1663,24
1664,25
1665,24
1666,26
1667,40
1668,19
1669,36
1670,29
1671,32
1672,38
1673,29
1674,37
1675,33
1676,30
1677,29
1678,35
1679,22
1680,34
1681,23
1682,5
1683,22
1684,20
1685,25
1686,16
1687,34
1688,36
1689,31
1690,36
1691,24
1692,33
1693,28
1694,28
1695,29
1696,38
1697,28
1698,30
1699,40
1700,30
1701,23
1702,29
1703,35
1704,33
1705,46
1706,31
1707,34
1708,40
1709,30
1710,32
1711,43
1712,29
1713,35
1714,28
1715,28
1716,22
1717,32
1718,32
1719,23
1720,35
1721,33
1722,26
1723,36
1724,28
1725,35
1726,22
1727,22
1728,16
1729,16
1730,29
1731,30
1732,24
1733,30
1734,23
1735,34
1736,6
1737,29
1738,17
1739,33
1740,31
1741,33
1742,32
1743,35
1744,34
1745,2
1746,21
1747,24
1748,23
1749,29
1750,31
1751,35
1752,27
1753,18
1754,28
1755,29
1756,32
1757,20
1758,34
1759,33
1760,26
1761,36
1762,24
1763,28
1764,24
1765,31
1766,36
1767,29
1768,30
1769,40
1770,28
1771,30
1772,25
1773,30
1774,34
1775,2
1776,21
1777,50
1778,23
1779,2
1780,20
1781,24
1782,32
1783,30
1784,15
1785,26
1786,16
1787,31
1788,30
1789,19
1790,30
1791,30
1792,28
1793,32
1794,28
1795,27
1796,28
1797,28
1798,28
1799,34
1800,25
1801,28
1802,25
1803,29
1804,32
1805,26
1806,24
1807,33
1808,32
1809,30
1810,19
1811,34
1812,30
1813,38
1814,24
1815,28
1816,23
1817,29
1818,26
1819,31
1820,33
1821,39
1822,35
1823,30
1824,26
1825,35
1826,31
1827,23
1828,33
1829,42
1830,2
1831,30
1832,35
1833,22
1834,29
1835,25
1836,28
1837,33
1838,29
1839,45
1840,20
1841,32
1842,22
1843,27
1844,28
1845,29
1846,28
1847,31
1848,21
1849,31
1850,12
1851,2
1852,29
1853,25
1854,38
1855,32
1856,24
1857,15
1858,39
1859,26
1860,27
1861,32
1862,28
1863,26
1864,32
1865,27
1866,41
1867,30
1868,24
1869,20
1870,31
1871,22
1872,34
1873,28
1874,21
1875,36
1876,19
1877,31
1878,28
1879,3
1880,35
1881,26
1882,32
1883,40
1884,34
1885,31
1886,25
1887,27
1888,27
1889,23
1890,24
1891,34
1892,19
1893,16
1894,36
1895,27
1896,37
1897,23
1898,30
1899,29
1900,23
1901,27
1902,39
1903,20
1904,2
1905,3
1906,21
1907,26
1908,38
1909,23
1910,28
1911,24
1912,24
1913,21
1914,28
1915,33
1916,30
1917,30
1918,31
1919,25
1920,2
1921,34
1922,33
1923,36
1924,31
1925,30
1926,31
1927,21
1928,30
1929,16
1930,29
1931,33
1932,2
1933,28
1934,33
1935,37
1936,30
1937,36
1938,15
1939,25
1940,45
1941,28
1942,30
1943,30
1944,37
1945,38
1946,31
1947,43
1948,23
1949,18
1950,28
1951,25
1952,33
1953,28
1954,33
1955,31
1956,30
1957,33
1958,36
1959,24
1960,23
1961,35
1962,24
1963,35
1964,35
1965,2
1966,15
1967,27
1968,28
1969,37
1970,28
1971,37
1972,26
1973,38
1974,27
1975,26
1976,41
1977,21
1978,31
1979,34
1980,32
1981,48
1982,27
1983,23
1984,16
1985,38
1986,25
1987,23
1988,36
1989,15
1990,35
1991,29
1992,23
1993,29
1994,33
1995,20
1996,43
1997,2
1998,25
1999,23
2000,21
2001,31
2002,6
2003,41
2004,24
2005,39
2006,28
2007,31
2008,31
2009,31
2010,34
2011,2
2012,25
2013,28
2014,37
2015,27
2016,44
2017,17
2018,31
2019,34
2020,29
2021,27
2022,34
2023,19
2024,41
2025,30
2026,36
2027,25
2028,33
2029,27
2030,25
2031,24
2032,28
2033,40
2034,27
2035,27
2036,24
2037,22
2038,31
2039,19
2040,24
2041,31
2042,35
2043,24
2044,31
2045,28
2046,20
2047,25
2048,31
2049,24
2050,34
2051,16
2052,34
2053,40
2054,35
2055,16
2056,27
2057,19
2058,29
2059,27
2060,23
2061,37
2062,29
2063,24
2064,29
2065,24
2066,22
2067,32
2068,22
2069,27
2070,30
2071,34
2072,21
2073,32
2074,32
2075,21
2076,2
2077,30
2078,31
2079,25
2080,46
2081,26
2082,33
2083,28
2084,26
2085,20
2086,32
2087,2
2088,41
2089,27
2090,30
2091,28
2092,25
2093,27
2094,38
2095,29
2096,26
2097,28
2098,38
2099,16
2100,26
2101,30
2102,37
2103,40
2104,32
2105,30
2106,31
2107,38
2108,37
2109,36
2110,36
2111,31
2112,39
2113,22
2114,23
2115,25
2116,35
2117,2
2118,23
2119,2
2120,33
2121,38
2122,18
2123,39
2124,22
2125,29
2126,37
2127,27
2128,32
2129,46
2130,44
2131,27
2132,17
2133,25
2134,16
2135,25
2136,34
2137,31
2138,34
2139,19
2140,25
2141,31
2142,20
2143,26
2144,23
2145,34
2146,29
2147,32
2148,23
2149,25
2150,51
2151,31
2152,26
2153,24
2154,28
2155,26
2156,23
2157,26
2158,22
2159,17
2160,38
2161,22
2162,36
2163,24
2164,28
2165,32
2166,31
2167,39
2168,23
2169,17
2170,34
2171,28
2172,19
2173,35
2174,24
2175,39
2176,29
2177,27
2178,2
2179,40
2180,34
2181,31
2182,28
2183,28
2184,42
2185,32
2186,29
2187,25
2188,30
2189,32
2190,24
2191,31
2192,26
2193,28
2194,16
2195,27
2196,30
2197,2
2198,31
2199,28
2200,21
2201,37
2202,34
2203,29
2204,27
2205,32
2206,24
2207,36
2208,32
2209,28
2210,32
2211,39
2212,32
2213,34
2214,30
2215,37
2216,21
2217,28
2218,27
2219,31
2220,27
2221,33
2222,31
2223,25
2224,34
2225,26
2226,32
2227,53
2228,35
2229,29
2230,32
2231,29
2232,30
2233,16
2234,27
2235,26
2236,24
2237,27
2238,15
2239,36
2240,28
2241,35
2242,25
2243,5
2244,32
2245,37
2246,36
2247,25
2248,34
2249,34
2250,32
2251,32
2252,5
2253,24
2254,33
2255,27
2256,24
2257,22
2258,35
2259,24
2260,21
2261,27
2262,31
2263,40
2264,25
2265,33
2266,40
2267,30
2268,26
2269,23
2270,31
2271,38
2272,33
2273,39
2274,35
2275,34
2276,35
2277,27
2278,21
2279,30
2280,24
2281,26
2282,31
2283,33
2284,36
2285,30
2286,34
2287,2
2288,36
2289,12
2290,24
2291,19
2292,34
2293,39
2294,27
2295,35
2296,25
2297,28
2298,27
2299,28
2300,24
2301,23
2302,27
2303,36
2304,33
2305,31
2306,9
2307,37
2308,2
2309,28
2310,18
2311,30
2312,32
2313,30
2314,31
2315,28
2316,19
2317,32
2318,35
2319,39
2320,27
2321,23
2322,16
2323,36
2324,31
2325,2
2326,16
2327,35
2328,32
2329,31
2330,35
2331,20
2332,39
2333,24
2334,39
2335,31
2336,34
2337,27
2338,24
2339,32
2340,26
2341,7
2342,26
2343,26
2344,23
2345,30
2346,35
2347,33
2348,24
2349,15
2350,27
2351,31
2352,30
2353,24
2354,29
2355,16
2356,30
2357,40
2358,23
2359,34
2360,34
2361,16
2362,27
2363,36
2364,15
2365,39
2366,35
2367,35
2368,26
2369,39
2370,20
2371,17
2372,28
2373,27
2374,18
2375,27
2376,24
2377,33
2378,26
2379,16
2380,32
2381,28
2382,29
2383,31
2384,18
2385,16
2386,3
2387,23
2388,34
2389,30
2390,35
2391,36
2392,33
2393,14
2394,41
2395,27
2396,21
2397,29
2398,30
2399,23
2400,40
2401,26
2402,29
2403,24
2404,31
2405,27
2406,38
2407,29
2408,15
2409,20
2410,28
2411,20
2412,29
2413,17
2414,41
2415,31
2416,29
2417,36
2418,37
2419,26
2420,41
2421,37
2422,28
2423,25
2424,29
2425,22
2426,24
2427,16
2428,24
2429,19
2430,26
2431,26
2432,30
2433,16
2434,31
2435,21
2436,27
2437,33
2438,37
2439,11
2440,32
2441,43
2442,33
2443,29
2444,16
2445,41
2446,29
2447,29
2448,28
2449,28
2450,26
2451,28
2452,28
2453,27
2454,32
2455,26
2456,36
2457,30
2458,28
2459,34
2460,16
2461,37
2462,27
2463,22
2464,27
2465,30
2466,29
2467,31
2468,29
2469,41
2470,21
2471,23
2472,29
2473,26
2474,38
2475,8
2476,31
2477,10
2478,20
2479,31
2480,41
2481,22
2482,15
2483,25
2484,31
2485,34
2486,37
2487,31
2488,11
2489,23
2490,22
2491,33
2492,34
2493,31
2494,2
2495,24
2496,30
2497,33
2498,22
2499,31
2500,31
2501,37
2502,29
2503,23
2504,18
2505,34
2506,36
2507,32
2508,20
2509,30
2510,25
2511,27
2512,27
2513,25
2514,25
2515,35
2516,30
2517,2
2518,31
2519,23
2520,38
2521,40
2522,23
2523,20
2524,25
2525,30
2526,21
2527,26
2528,36
2529,35
2530,46
2531,31
2532,24
2533,27
2534,16
2535,27
2536,26
2537,27
2538,27
2539,24
2540,2
2541,23
2542,26
2543,34
2544,26
2545,24
2546,33
2547,30
2548,22
2549,11
2550,32
2551,32
2552,37
2553,28
2554,40
2555,20
2556,26
2557,29
2558,34
2559,36
2560,33
2561,15
2562,28
2563,28
2564,26
2565,31
2566,35
2567,33
2568,21
2569,33
2570,38
2571,38
2572,20
2573,30
2574,30
2575,26
2576,26
2577,16
2578,16
2579,35
2580,15
2581,22
2582,43
2583,23
2584,36
2585,32
2586,25
2587,34
2588,26
2589,29
2590,38
2591,35
2592,41
2593,28
2594,26
2595,30
2596,20
2597,28
2598,26
2599,21
2600,27
2601,30
2602,23
2603,27
2604,32
2605,26
2606,35
2607,27
2608,31
2609,2
2610,33
2611,30
2612,39
2613,30
2614,33
2615,21
2616,33
2617,27
2618,21
2619,23
2620,40
2621,29
2622,41
2623,22
2624,31
2625,34
2626,15
2627,39
2628,34
2629,30
2630,19
2631,34
2632,28
2633,33
2634,27
2635,25
2636,25
2637,27
2638,2
2639,28
2640,31
2641,41
2642,37
2643,24
2644,2
2645,33
2646,22
2647,18
2648,26
2649,22
2650,28
2651,41
2652,32
2653,30
2654,21
2655,31
2656,33
2657,32
2658,32
2659,32
2660,24
2661,26
2662,26
2663,37
2664,32
2665,30
2666,24
2667,36
2668,35
2669,40
2670,38
2671,34
2672,27
2673,33
2674,30
2675,32
2676,23
2677,24
2678,28
2679,27
2680,32
2681,22
2682,36
2683,27
2684,33
2685,30
2686,38
2687,26
2688,2
2689,25
2690,33
2691,20
2692,40
2693,32
2694,26
2695,31
2696,23
2697,28
2698,25
2699,35
2700,26
2701,37
2702,40
2703,32
2704,27
2705,39
2706,30
2707,36
2708,26
2709,26
2710,35
2711,40
2712,32
2713,32
2714,25
2715,31
2716,38
2717,38
2718,30
2719,24
2720,31
2721,32
2722,23
2723,32
2724,36
2725,42
2726,33
2727,41
2728,29
2729,35
2730,33
2731,38
2732,48
2733,30
2734,21
2735,37
2736,43
2737,20
2738,23
2739,15
2740,32
2741,32
2742,34
2743,25
2744,24
2745,36
2746,12
2747,36
2748,33
2749,33
2750,18
2751,31
2752,29
2753,31
2754,25
2755,29
2756,27
2757,33
2758,42
2759,27
2760,40
2761,20
2762,35
2763,2
2764,31
2765,29
2766,34
2767,32
2768,37
2769,43
2770,33
2771,29
2772,27
2773,27
2774,25
2775,23
2776,9
2777,49
2778,40
2779,35
2780,34
2781,32
2782,28
2783,29
2784,32
2785,25
2786,2
2787,24
2788,24
2789,39
2790,29
2791,32
2792,37
2793,28
2794,29
2795,15
2796,21
2797,16
2798,28
2799,17
2800,25
2801,32
2802,26
2803,26
2804,33
2805,16
2806,36
2807,32
2808,42
2809,17
2810,48
2811,32
2812,26
2813,21
2814,16
2815,26
2816,37
2817,29
2818,32
2819,32
2820,14
2821,24
2822,32
2823,31
2824,33
2825,34
2826,30
2827,30
2828,36
2829,28
2830,22
2831,25
2832,33
2833,32
2834,30
2835,30
2836,29
2837,34
2838,27
2839,38
2840,31
2841,30
2842,34
2843,16
2844,34
2845,25
2846,36
2847,19
2848,27
2849,27
2850,29
2851,40
2852,27
2853,18
2854,40
2855,27
2856,6
2857,28
2858,31
2859,10
2860,41
2861,31
2862,32
2863,29
2864,21
2865,15
2866,31
2867,28
2868,34
2869,32
2870,19
2871,31
2872,25
2873,22
2874,25
2875,35
2876,26
2877,40
2878,19
2879,22
2880,28
2881,30
2882,2
2883,42
2884,36
2885,33
2886,40
2887,12
2888,17
2889,21
2890,29
2891,30
2892,29
2893,25
2894,33
2895,39
2896,45
2897,21
2898,23
2899,31
2900,34
2901,26
2902,32
2903,27
2904,25
2905,38
2906,20
2907,16
2908,32
2909,31
2910,28
2911,33
2912,34
2913,39
2914,32
2915,44
2916,21
2917,21
2918,32
2919,26
2920,29
2921,27
2922,35
2923,21
2924,34
2925,33
2926,42
2927,28
2928,2
2929,2
2930,27
2931,24
2932,35
2933,35
2934,19
2935,27
2936,17
2937,45
2938,19
2939,42
2940,36
2941,24
2942,25
2943,32
2944,32
2945,33
2946,38
2947,27
2948,19
2949,20
2950,25
2951,31
2952,30
2953,31
2954,33
2955,28
2956,31
2957,28
2958,26
2959,27
2960,35
2961,28
2962,40
2963,26
2964,25
2965,30
2966,20
2967,24
2968,39
2969,16
2970,31
2971,24
2972,39
2973,2
2974,31
2975,33
2976,26
2977,26
2978,30
2979,35
2980,27
2981,27
2982,32
2983,30
2984,27
2985,33
2986,31
2987,31
2988,38
2989,18
2990,41
2991,23
2992,28
2993,36
2994,28
2995,31
2996,43
2997,23
2998,26
2999,23
3000,31
3001,25
3002,31
3003,33
3004,29
3005,25
3006,34
3007,24
3008,26
3009,19
3010,26
3011,31
3012,23
3013,30
3014,34
3015,28
3016,18
3017,31
3018,19
3019,25
3020,25
3021,35
3022,28
3023,33
3024,23
3025,30
3026,26
3027,27
3028,26
3029,32
3030,32
3031,27
3032,37
3033,32
3034,27
3035,30
3036,34
3037,24
3038,26
3039,2
3040,29
3041,29
3042,25
3043,32
3044,26
3045,33
3046,29
3047,27
3048,27
3049,23
3050,30
3051,44
3052,30
3053,32
3054,28
3055,3
3056,29
3057,28
3058,25
3059,23
3060,27
3061,33
3062,20
3063,33
3064,28
3065,36
3066,25
3067,27
3068,33
3069,39
3070,30
3071,28
3072,25
3073,30
3074,29
3075,34
3076,39
3077,30
3078,25
3079,33
3080,26
3081,32
3082,29
3083,35
3084,31
3085,25
3086,19
3087,25
3088,40
3089,30
3090,36
3091,40
3092,35
3093,16
3094,45
3095,23
3096,29
3097,26
3098,30
3099,29
3100,32
3101,19
3102,29
3103,19
3104,41
3105,28
3106,28
3107,25
3108,21
3109,8
3110,23
3111,28
3112,30
3113,29
3114,29
3115,37
3116,28
3117,35
3118,29
3119,31
3120,43
3121,24
3122,30
3123,24
3124,28
3125,37
3126,31
3127,36
3128,19
3129,25
3130,34
3131,38
3132,31
3133,28
3134,34
3135,34
3136,32
3137,34
3138,37
3139,36
3140,31
3141,28
3142,26
3143,28
3144,30
3145,20
3146,25
3147,19
3148,28
3149,34
3150,33
3151,31
3152,35
3153,31
3154,30
3155,26
3156,43
3157,26
3158,27
3159,37
3160,24
3161,30
3162,38
3163,30
3164,32
3165,27
3166,33
3167,39
3168,30
3169,26
3170,29
3171,39
3172,27
3173,24
3174,17
3175,21
3176,2
3177,26
3178,26
3179,24
3180,39
3181,35
3182,36
3183,30
3184,26
3185,30
3186,34
3187,32
3188,15
3189,38
3190,29
3191,31
3192,25
3193,30
3194,19
3195,40
3196,28
3197,33
3198,28
3199,30
3200,35
3201,27
3202,17
3203,23
3204,16
3205,25
3206,32
3207,27
3208,25
3209,35
3210,29
3211,36
3212,31
3213,35
3214,8
3215,29
3216,30
3217,31
3218,40
3219,24
3220,27
3221,36
3222,33
3223,28
3224,22
3225,18
3226,30
3227,22
3228,23
3229,31
3230,39
3231,16
3232,36
3233,32
3234,46
3235,23
3236,34
3237,22
3238,32
3239,34
3240,21
3241,24
3242,33
3243,32
3244,34
3245,40
3246,23
3247,25
3248,28
3249,27
3250,37
3251,23
3252,25
3253,27
3254,23
3255,32
3256,33
3257,34
3258,29
3259,28
3260,36
3261,32
3262,2
3263,32
3264,19
3265,35
3266,33
3267,25
3268,32
3269,26
3270,35
3271,31
3272,33
3273,30
3274,32
3275,28
3276,20
3277,32
3278,28
3279,31
3280,15
3281,31
3282,18
3283,23
3284,20
3285,28
3286,30
3287,29
3288,30
3289,32
3290,2
3291,30
3292,32
3293,27
3294,24
3295,39
3296,27
3297,19
3298,26
3299,32
3300,33
3301,32
3302,27
3303,16
3304,29
3305,36
3306,24
3307,17
3308,29
3309,31
3310,32
3311,32
3312,20
3313,30
3314,24
3315,37
3316,38
3317,43
3318,37
3319,26
3320,37
3321,21
3322,37
3323,38
3324,17
3325,29
3326,31
3327,32
3328,26
3329,32
3330,24
3331,35
3332,29
3333,36
3334,16
3335,30
3336,44
3337,26
3338,35
3339,22
3340,33
3341,21
3342,37
3343,37
3344,25
3345,31
3346,31
3347,40
3348,32
3349,29
3350,25
3351,28
3352,41
3353,47
3354,28
3355,29
3356,28
3357,27
3358,39
3359,32
3360,35
3361,30
3362,29
3363,29
3364,29
3365,16
3366,29
3367,38
3368,35
3369,41
3370,32
3371,22
3372,11
3373,32
3374,30
3375,28
3376,27
3377,35
3378,31
3379,2
3380,31
3381,22
3382,37
3383,29
3384,27
3385,34
3386,27
3387,24
3388,42
3389,30
3390,25
3391,29
3392,35
3393,27
3394,36
3395,30
3396,31
3397,5
3398,23
3399,34
3400,33
3401,22
3402,35
3403,23
3404,21
3405,22
3406,31
3407,17
3408,23
3409,41
3410,27
3411,31
3412,20
3413,34
3414,28
3415,25
3416,46
3417,34
3418,31
3419,28
3420,32
3421,29
3422,24
3423,33
3424,30
3425,30
3426,40
3427,34
3428,26
3429,23
3430,40
3431,21
3432,25
3433,38
3434,38
3435,35
3436,26
3437,33
3438,29
3439,26
3440,28
3441,31
3442,2
3443,31
3444,31
3445,33
3446,39
3447,32
3448,28
3449,8
3450,31
3451,29
3452,28
3453,32
3454,30
3455,43
3456,30
3457,23
3458,25
3459,42
3460,22
3461,39
3462,35
3463,32
3464,26
3465,27
3466,37
3467,27
3468,25
3469,38
3470,28
3471,34
3472,32
3473,29
3474,25
3475,25
3476,34
3477,30
3478,32
3479,26
3480,40
3481,34
3482,23
3483,32
3484,34
3485,27
3486,27
3487,35
3488,31
3489,33
3490,27
3491,20
3492,24
3493,31
3494,38
3495,38
3496,30
3497,28
3498,30
3499,28
3500,34
3501,26
3502,35
3503,36
3504,28
3505,24
3506,17
3507,31
3508,31
3509,41
3510,30
3511,42
3512,40
3513,26
3514,26
3515,26
3516,45
3517,32
3518,29
3519,22
3520,29
3521,27
3522,31
3523,30
3524,28
3525,29
3526,21
3527,37
3528,36
3529,25
3530,23
3531,23
3532,32
3533,32
3534,23
3535,35
3536,32
3537,16
3538,33
3539,19
3540,28
3541,28
3542,29
3543,26
3544,19
3545,63
3546,37
3547,34
3548,45
3549,28
3550,30
3551,27
3552,34
3553,28
3554,29
3555,23
3556,29
3557,42
3558,22
3559,27
3560,25
3561,25
3562,38
3563,30
3564,38
3565,25
3566,34
3567,21
3568,25
3569,15
3570,24
3571,10
3572,34
3573,32
3574,28
3575,40
3576,44
3577,20
3578,20
3579,25
3580,42
3581,17
3582,33
3583,42
3584,33
3585,28
3586,15
3587,21
3588,31
3589,24
3590,30
3591,31
3592,25
3593,37
3594,53
3595,29
3596,21
3597,33
3598,2
3599,31
3600,30
3601,23
3602,30
3603,32
3604,27
3605,40
3606,25
3607,28
3608,36
3609,46
3610,2
3611,39
3612,37
3613,16
3614,30
3615,36
3616,35
3617,28
3618,37
3619,20
3620,24
3621,26
3622,32
3623,34
3624,27
3625,26
3626,31
3627,29
3628,32
3629,21
3630,27
3631,41
3632,37
3633,39
3634,27
3635,43
3636,24
3637,26
3638,35
3639,18
3640,26
3641,38
3642,35
3643,23
3644,34
3645,25
3646,28
3647,31
3648,29
3649,32
3650,28
3651,28
3652,30
3653,31
3654,21
3655,36
3656,38
3657,32
3658,2
3659,29
3660,28
3661,23
3662,38
3663,27
3664,34
3665,31
3666,27
3667,21
3668,31
3669,17
3670,27
3671,24
3672,33
3673,31
3674,44
3675,39
3676,37
3677,24
3678,36
3679,43
3680,6
3681,22
3682,31
3683,26
3684,31
3685,20
3686,30
3687,26
3688,33
3689,34
3690,36
3691,17
3692,40
3693,23
3694,31
3695,42
3696,16
3697,28
3698,27
3699,37
3700,33
3701,41
3702,30
3703,20
3704,39
3705,21
3706,35
3707,16
3708,23
3709,30
3710,29
3711,27
3712,34
3713,25
3714,20
3715,28
3716,25
3717,41
3718,28
3719,32
3720,24
3721,17
3722,10
3723,40
3724,15
3725,29
3726,22
3727,27
3728,40
3729,43
3730,26
3731,34
3732,39
3733,37
3734,33
3735,40
3736,39
3737,24
3738,31
3739,41
3740,15
3741,30
3742,27
3743,34
3744,11
3745,41
3746,35
3747,30
3748,35
3749,42
3750,28
3751,29
3752,27
3753,18
3754,27
3755,42
3756,26
3757,13
3758,39
3759,36
3760,43
3761,27
3762,30
3763,26
3764,26
3765,33
3766,2
3767,28
3768,44
3769,34
3770,39
3771,20
3772,26
3773,20
3774,23
3775,37
3776,16
3777,24
3778,24
3779,35
3780,40
3781,28
3782,15
3783,16
3784,21
3785,38
3786,30
3787,7
3788,30
3789,19
3790,21
3791,21
3792,33
3793,46
3794,31
3795,29
3796,29
3797,21
3798,31
3799,20
3800,31
3801,38
3802,27
3803,36
3804,28
3805,31
3806,27
3807,32
3808,26
3809,25
3810,28
3811,35
3812,29
3813,34
3814,29
3815,44
3816,26
3817,26
3818,23
3819,28
3820,28
3821,34
3822,28
3823,29
3824,34
3825,32
3826,28
3827,33
3828,41
3829,27
3830,31
3831,32
3832,30
3833,30
3834,30
3835,39
3836,26
3837,40
3838,18
3839,25
3840,22
3841,30
3842,3
3843,22
3844,27
3845,24
3846,30
3847,41
3848,32
3849,32
3850,30
3851,25
3852,26
3853,25
3854,27
3855,4
3856,25
3857,34
3858,41
3859,37
3860,31
3861,28
3862,39
3863,31
3864,24
3865,31
3866,34
3867,31
3868,33
3869,27
3870,26
3871,25
3872,18
3873,29
3874,31
3875,30
3876,31
3877,29
3878,24
3879,29
3880,37
3881,39
3882,38
3883,23
3884,40
3885,38
3886,20
3887,29
3888,30
3889,21
3890,31
3891,21
3892,31
3893,23
3894,2
3895,35
3896,26
3897,29
3898,24
3899,30
3900,34
3901,40
3902,30
3903,46
3904,31
3905,28
3906,32
3907,26
3908,22
3909,30
3910,32
3911,26
3912,35
3913,30
3914,28
3915,36
3916,26
3917,38
3918,21
3919,31
3920,24
3921,25
3922,33
3923,24
3924,22
3925,28
3926,34
3927,32
3928,41
3929,23
3930,20
3931,22
3932,32
3933,26
3934,31
3935,22
3936,29
3937,35
3938,35
3939,40
3940,24
3941,35
3942,43
3943,24
3944,31
3945,29
3946,13
3947,27
3948,31
3949,33
3950,28
3951,21
3952,30
3953,30
3954,24
3955,25
3956,27
3957,40
3958,39
3959,36
3960,36
3961,3
3962,30
3963,25
3964,28
3965,32
3966,19
3967,2
3968,41
3969,28
3970,55
3971,26
3972,23
3973,33
3974,34
3975,38
3976,41
3977,22
3978,30
3979,20
3980,22
3981,29
3982,30
3983,32
3984,15
3985,27
3986,33
3987,35
3988,36
3989,20
3990,38
3991,31
3992,30
3993,20
3994,36
3995,24
3996,21
3997,19
3998,24
3999,34
