,gameDuration
0,16
1,28
2,28
3,27
4,15
5,22
6,28
7,35
8,32
9,23
10,23
11,23
12,28
13,30
14,2
15,27
16,15
17,24
18,23
19,17
20,34
21,26
22,15
23,30
24,27
25,15
26,31
27,33
28,29
29,23
30,15
31,22
32,35
33,15
34,38
35,39
36,24
37,26
38,26
39,15
40,15
41,25
42,31
43,18
44,15
45,15
46,25
47,14
48,23
49,26
50,24
51,30
52,26
53,28
54,26
55,34
56,28
57,27
58,16
59,26
60,18
61,31
62,22
63,29
64,16
65,30
66,28
67,26
68,39
69,23
70,24
71,31
72,32
73,24
74,38
75,23
76,30
77,37
78,10
79,15
80,45
81,37
82,35
83,15
84,26
85,24
86,24
87,20
88,22
89,24
90,23
91,31
92,27
93,28
94,26
95,33
96,25
97,28
98,21
99,19
100,31
101,30
102,23
103,35
104,23
105,19
106,15
107,26
108,20
109,38
110,24
111,32
112,27
113,35
114,34
115,35
116,38
117,28
118,31
119,31
120,26
121,21
122,31
123,22
124,23
125,30
126,22
127,25
128,25
129,31
130,24
131,16
132,25
133,34
134,23
135,15
136,30
137,15
138,30
139,24
140,33
141,26
142,27
143,15
144,31
145,16
146,26
147,22
148,23
149,31
150,20
151,35
152,29
153,21
154,31
155,31
156,24
157,16
158,24
159,25
160,24
161,24
162,24
163,16
164,27
165,19
166,24
167,31
168,25
169,24
170,16
171,35
172,28
173,27
174,29
175,16
176,32
177,30
178,24
179,23
180,25
181,31
182,23
183,19
184,30
185,38
186,27
187,16
188,37
189,29
190,30
191,26
192,34
193,15
194,28
195,27
196,29
197,22
198,28
199,45
200,16
201,34
202,36
203,25
204,15
205,33
206,30
207,24
208,24
209,27
210,31
211,33
212,32
213,23
214,30
215,27
216,27
217,23
218,26
219,32
220,34
221,27
222,30
223,15
224,31
225,2
226,19
227,29
228,18
229,22
230,26
231,20
232,31
233,15
234,18
235,30
236,24
237,21
238,29
239,22
240,32
241,29
242,23
243,26
244,26
245,28
246,19
247,29
248,23
249,25
250,24
251,34
252,24
253,30
254,28
255,27
256,30
257,34
258,18
259,25
260,35
261,16
262,22
263,22
264,28
265,19
266,31
267,20
268,33
269,19
270,38
271,21
272,30
273,16
274,24
275,28
276,30
277,30
278,35
279,19
280,29
281,23
282,30
283,23
284,29
285,32
286,23
287,31
288,27
289,32
290,16
291,20
292,21
293,29
294,30
295,27
296,22
297,29
298,41
299,20
300,35
301,15
302,34
303,31
304,29
305,23
306,24
307,15
308,15
309,15
310,18
311,25
312,21
313,29
314,21
315,24
316,15
317,30
318,22
319,15
320,33
321,15
322,29
323,24
324,19
325,33
326,20
327,31
328,27
329,20
330,33
331,29
332,29
333,20
334,21
335,22
336,41
337,16
338,24
339,31
340,32
341,25
342,19
343,17
344,16
345,29
346,24
347,24
348,19
349,29
350,23
351,29
352,24
353,22
354,29
355,24
356,16
357,15
358,23
359,35
360,28
361,32
362,28
363,24
364,25
365,28
366,24
367,37
368,29
369,27
370,27
371,15
372,15
373,4
374,34
375,28
376,22
377,24
378,31
379,26
380,32
381,32
382,24
383,31
384,26
385,26
386,27
387,21
388,28
389,19
390,33
391,15
392,28
393,25
394,26
395,24
396,33
397,28
398,30
399,30
400,26
401,28
402,22
403,21
404,24
405,24
406,24
407,23
408,34
409,19
410,24
411,27
412,25
413,19
414,24
415,22
416,2
417,21
418,24
419,36
420,24
421,25
422,26
423,31
424,28
425,31
426,22
427,32
428,24
429,16
430,22
431,25
432,26
433,32
434,15
435,20
436,15
437,29
438,23
439,24
440,28
441,31
442,39
443,41
444,36
445,30
446,19
447,2
448,15
449,24
450,38
451,30
452,39
453,41
454,24
455,25
456,15
457,36
458,25
459,29
460,27
461,28
462,25
463,26
464,24
465,31
466,30
467,16
468,30
469,30
470,20
471,29
472,7
473,25
474,2
475,28
476,26
477,21
478,26
479,30
480,17
481,16
482,27
483,17
484,29
485,25
486,16
487,26
488,7
489,27
490,15
491,16
492,28
493,29
494,17
495,26
496,30
497,26
498,32
499,28
500,34
501,25
502,23
503,16
504,27
505,28
506,35
507,21
508,19
509,20
510,20
511,21
512,22
513,27
514,35
515,28
516,28
517,28
518,30
519,15
520,19
521,27
522,32
523,34
524,23
525,26
526,26
527,19
528,25
529,26
530,26
531,27
532,27
533,17
534,27
535,2
536,29
537,6
538,6
539,22
540,30
541,24
542,28
543,35
544,29
545,19
546,34
547,24
548,15
549,31
550,26
551,24
552,27
553,17
554,33
555,16
556,17
557,28
558,26
559,25
560,32
561,15
562,29
563,24
564,27
565,20
566,26
567,25
568,26
569,27
570,16
571,23
572,23
573,6
574,40
575,23
576,21
577,23
578,27
579,24
580,32
581,26
582,28
583,24
584,28
585,27
586,15
587,28
588,23
589,22
590,23
591,26
592,26
593,32
594,24
595,28
596,35
597,34
598,29
599,21
600,27
601,22
602,45
603,24
604,26
605,19
606,22
607,28
608,31
609,31
610,2
611,29
612,23
613,31
614,23
615,30
616,16
617,34
618,20
619,25
620,28
621,23
622,25
623,26
624,26
625,24
626,33
627,25
628,32
629,27
630,26
631,25
632,16
633,28
634,16
635,16
636,29
637,24
638,31
639,31
640,13
641,15
642,30
643,36
644,32
645,30
646,31
647,29
648,24
649,26
650,17
651,31
652,25
653,16
654,33
655,30
656,16
657,33
658,23
659,16
660,34
661,24
662,20
663,26
664,15
665,30
666,25
667,19
668,25
669,20
670,23
671,16
672,19
673,28
674,22
675,31
676,30
677,23
678,22
679,27
680,25
681,30
682,32
683,22
684,15
685,32
686,28
687,36
688,21
689,17
690,31
691,21
692,34
693,30
694,28
695,15
696,16
697,20
698,29
699,17
700,29
701,22
702,28
703,19
704,31
705,16
706,16
707,36
708,24
709,18
710,24
711,15
712,23
713,23
714,15
715,20
716,24
717,30
718,32
719,23
720,16
721,15
722,26
723,16
724,22
725,20
726,34
727,21
728,36
729,9
730,26
731,31
732,24
733,25
734,29
735,30
736,15
737,16
738,29
739,26
740,27
741,29
742,19
743,28
744,26
745,27
746,39
747,19
748,22
749,31
750,34
751,22
752,32
753,27
754,34
755,15
756,29
757,27
758,30
759,22
760,15
761,30
762,33
763,39
764,23
765,29
766,27
767,24
768,33
769,27
770,16
771,15
772,25
773,20
774,26
775,29
776,27
777,24
778,25
779,23
780,4
781,25
782,23
783,26
784,35
785,28
786,26
787,22
788,9
789,31
790,42
791,19
792,23
793,15
794,30
795,25
796,29
797,25
798,24
799,19
800,39
801,25
802,23
803,15
804,31
805,22
806,25
807,32
808,19
809,30
810,25
811,24
812,20
813,25
814,24
815,16
816,4
817,24
818,26
819,28
820,26
821,29
822,34
823,32
824,21
825,29
826,33
827,31
828,38
829,17
830,25
831,26
832,28
833,34
834,27
835,30
836,31
837,28
838,27
839,26
840,32
841,15
842,15
843,38
844,22
845,35
846,31
847,27
848,20
849,19
850,27
851,23
852,32
853,24
854,18
855,31
856,26
857,20
858,28
859,16
860,23
861,22
862,31
863,16
864,24
865,25
866,24
867,30
868,25
869,25
870,15
871,24
872,30
873,26
874,26
875,16
876,24
877,23
878,30
879,28
880,15
881,25
882,28
883,29
884,31
885,31
886,25
887,31
888,17
889,34
890,24
891,15
892,25
893,20
894,32
895,20
896,26
897,22
898,27
899,28
900,26
901,22
902,27
903,22
904,26
905,22
906,23
907,34
908,30
909,23
910,23
911,23
912,26
913,16
914,26
915,2
916,23
917,26
918,21
919,27
920,35
921,16
922,22
923,43
924,32
925,22
926,37
927,24
928,24
929,24
930,24
931,36
932,24
933,16
934,15
935,25
936,23
937,35
938,25
939,28
940,29
941,19
942,20
943,25
944,20
945,32
946,27
947,24
948,31
949,16
950,16
951,18
952,22
953,29
954,21
955,20
956,22
957,23
958,26
959,25
960,24
961,27
962,32
963,33
964,27
965,22
966,24
967,19
968,33
969,34
970,19
971,26
972,26
973,15
974,21
975,32
976,15
977,23
978,30
979,21
980,25
981,28
982,31
983,27
984,15
985,40
986,15
987,22
988,22
989,37
990,20
991,32
992,23
993,19
994,23
995,25
996,38
997,17
998,31
999,21
