,gameDuration
0,15
1,31
2,26
3,22
4,15
5,30
6,32
7,23
8,27
9,26
10,23
11,39
12,28
13,2
14,28
15,20
16,31
17,22
18,28
19,34
20,31
21,22
22,39
23,2
24,26
25,33
26,23
27,29
28,24
29,24
30,30
31,26
32,19
33,16
34,33
35,15
36,30
37,22
38,27
39,20
40,32
41,26
42,28
43,20
44,29
45,24
46,15
47,23
48,24
49,23
50,23
51,24
52,27
53,30
54,23
55,16
56,15
57,20
58,23
59,3
60,26
61,7
62,15
63,31
64,31
65,26
66,32
67,20
68,26
69,28
70,24
71,28
72,23
73,26
74,17
75,30
76,24
77,31
78,21
79,24
80,35
81,30
82,27
83,24
84,15
85,25
86,20
87,24
88,33
89,24
90,42
91,32
92,31
93,24
94,25
95,28
96,35
97,23
98,23
99,15
100,24
101,28
102,25
103,26
104,16
105,26
106,32
107,19
108,31
109,28
110,22
111,24
112,29
113,18
114,15
115,32
116,36
117,21
118,26
119,26
120,32
121,37
122,25
123,28
124,26
125,30
126,24
127,39
128,19
129,25
130,22
131,28
132,20
133,35
134,30
135,25
136,23
137,21
138,2
139,15
140,32
141,25
142,29
143,36
144,33
145,22
146,22
147,25
148,39
149,33
150,25
151,15
152,29
153,24
154,33
155,30
156,24
157,23
158,29
159,15
160,15
161,33
162,15
163,27
164,38
165,38
166,34
167,32
168,36
169,22
170,24
171,24
172,28
173,28
174,28
175,24
176,15
177,27
178,24
179,19
180,19
181,23
182,26
183,27
184,29
185,19
186,28
187,18
188,23
189,23
190,23
191,37
192,19
193,21
194,16
195,26
196,27
197,38
198,27
199,39
200,24
201,32
202,29
203,23
204,38
205,23
206,25
207,31
208,25
209,23
210,26
211,23
212,26
213,25
214,29
215,28
216,45
217,40
218,33
219,28
220,15
221,36
222,37
223,15
224,23
225,9
226,30
227,23
228,25
229,12
230,33
231,34
232,22
233,15
234,26
235,33
236,16
237,29
238,15
239,21
240,31
241,19
242,19
243,18
244,22
245,28
246,20
247,35
248,16
249,28
250,31
251,24
252,18
253,26
254,20
255,25
256,16
257,21
258,28
259,34
260,17
261,16
262,29
263,28
264,25
265,10
266,2
267,15
268,19
269,28
270,31
271,15
272,35
273,12
274,24
275,28
276,23
277,29
278,23
279,25
280,8
281,27
282,23
283,20
284,22
285,22
286,23
287,31
288,27
289,30
290,29
291,23
292,16
293,19
294,26
295,27
296,29
297,2
298,30
299,25
300,21
301,16
302,21
303,30
304,23
305,26
306,26
307,32
308,26
309,15
310,22
311,33
312,24
313,24
314,25
315,32
316,22
317,29
318,28
319,29
320,32
321,24
322,26
323,28
324,31
325,37
326,21
327,23
328,26
329,23
330,25
331,26
332,25
333,29
334,30
335,38
336,35
337,30
338,25
339,36
340,20
341,30
342,25
343,22
344,20
345,30
346,26
347,34
348,18
349,26
350,19
351,24
352,25
353,34
354,33
355,33
356,31
357,29
358,24
359,23
360,31
361,24
362,15
363,30
364,15
365,23
366,31
367,25
368,26
369,16
370,18
371,25
372,25
373,15
374,24
375,24
376,27
377,25
378,15
379,28
380,42
381,23
382,33
383,30
384,27
385,18
386,28
387,21
388,36
389,28
390,25
391,32
392,16
393,28
394,31
395,29
396,31
397,27
398,39
399,23
400,30
401,29
402,30
403,23
404,35
405,29
406,30
407,15
408,16
409,33
410,8
411,29
412,21
413,28
414,25
415,24
416,28
417,21
418,31
419,37
420,24
421,32
422,16
423,30
424,24
425,23
426,15
427,32
428,10
429,25
430,28
431,22
432,2
433,23
434,26
435,24
436,18
437,34
438,18
439,25
440,26
441,31
442,30
443,29
444,29
445,35
446,30
447,31
448,29
449,25
450,33
451,27
452,22
453,15
454,28
455,28
456,27
457,34
458,29
459,33
460,19
461,23
462,28
463,26
464,20
465,31
466,36
467,26
468,25
469,27
470,20
471,41
472,22
473,22
474,23
475,28
476,30
477,27
478,24
479,26
480,22
481,23
482,32
483,32
484,31
485,31
486,29
487,23
488,31
489,23
490,16
491,18
492,27
493,27
494,27
495,34
496,20
497,29
498,19
499,21
500,29
501,24
502,31
503,26
504,16
505,30
506,22
507,33
508,24
509,24
510,30
511,22
512,23
513,28
514,28
515,15
516,27
517,15
518,30
519,23
520,30
521,23
522,26
523,15
524,30
525,18
526,15
527,17
528,15
529,32
530,31
531,21
532,23
533,32
534,34
535,22
536,30
537,23
538,23
539,36
540,24
541,33
542,20
543,23
544,15
545,18
546,27
547,35
548,32
549,26
550,30
551,29
552,10
553,35
554,15
555,28
556,26
557,25
558,15
559,19
560,16
561,16
562,26
563,25
564,15
565,21
566,16
567,23
568,24
569,25
570,30
571,15
572,18
573,26
574,31
575,25
576,25
577,25
578,16
579,20
580,30
581,28
582,27
583,26
584,34
585,26
586,30
587,15
588,21
589,22
590,37
591,26
592,21
593,15
594,23
595,27
596,37
597,17
598,30
599,23
600,16
601,35
602,31
603,46
604,24
605,26
606,25
607,19
608,33
609,31
610,25
611,21
612,29
613,18
614,23
615,21
616,26
617,23
618,22
619,20
620,18
621,35
622,25
623,30
624,23
625,32
626,32
627,30
628,24
629,33
630,36
631,29
632,27
633,27
634,30
635,38
636,30
637,29
638,31
639,21
640,23
641,24
642,31
643,25
644,19
645,33
646,22
647,27
648,19
649,30
650,30
651,24
652,29
653,32
654,27
655,23
656,29
657,36
658,19
659,34
660,22
661,28
662,15
663,20
664,23
665,41
666,23
667,30
668,24
669,32
670,25
671,27
672,22
673,32
674,32
675,32
676,20
677,39
678,26
679,32
680,26
681,21
682,31
683,19
684,23
685,19
686,28
687,23
688,28
689,20
690,40
691,21
692,15
693,35
694,22
695,23
696,19
697,31
698,25
699,20
700,14
701,38
702,27
703,32
704,15
705,23
706,29
707,22
708,36
709,25
710,22
711,29
712,24
713,30
714,28
715,25
716,26
717,14
718,16
719,21
720,15
721,24
722,21
723,31
724,27
725,36
726,18
727,24
728,20
729,16
730,32
731,16
732,33
733,26
734,23
735,23
736,26
737,26
738,19
739,29
740,18
741,17
742,16
743,27
744,33
745,11
746,16
747,34
748,30
749,24
750,31
751,24
752,25
753,30
754,32
755,25
756,41
757,28
758,27
759,37
760,31
761,36
762,25
763,31
764,27
765,25
766,35
767,18
768,19
769,30
770,28
771,23
772,27
773,38
774,32
775,28
776,25
777,29
778,33
779,33
780,16
781,33
782,28
783,29
784,16
785,29
786,36
787,26
788,18
789,35
790,33
791,26
792,20
793,23
794,39
795,26
796,40
797,38
798,23
799,22
800,27
801,10
802,26
803,26
804,28
805,18
806,23
807,23
808,29
809,25
810,28
811,30
812,20
813,28
814,16
815,29
816,29
817,23
818,30
819,34
820,36
821,33
822,26
823,25
824,31
825,24
826,16
827,24
828,34
829,23
830,16
831,22
832,27
833,18
834,31
835,29
836,23
837,22
838,26
839,27
840,29
841,22
842,28
843,32
844,27
845,34
846,28
847,40
848,27
849,23
850,14
851,24
852,15
853,29
854,34
855,32
856,23
857,31
858,23
859,43
860,38
861,25
862,35
863,23
864,2
865,32
866,30
867,32
868,30
869,24
870,29
871,22
872,28
873,25
874,22
875,15
876,18
877,24
878,24
879,31
880,16
881,16
882,21
883,23
884,28
885,37
886,30
887,37
888,17
889,26
890,28
891,8
892,35
893,29
894,15
895,15
896,19
897,23
898,30
899,7
900,38
901,39
902,25
903,43
904,15
905,15
906,27
907,19
908,16
909,28
910,46
911,21
912,25
913,29
914,27
915,29
916,23
917,20
918,30
919,27
920,27
921,15
922,25
923,33
924,15
925,25
926,27
927,32
928,15
929,22
930,16
931,23
932,25
933,28
934,23
935,20
936,29
937,21
938,30
939,27
940,23
941,25
942,33
943,27
944,38
945,33
946,32
947,27
948,27
949,28
950,28
951,28
952,28
953,30
954,16
955,30
956,36
957,36
958,35
959,15
960,19
961,28
962,24
963,32
964,31
965,24
966,31
967,22
968,19
969,26
970,21
971,20
972,27
973,27
974,30
975,27
976,15
977,19
978,31
979,26
980,25
981,29
982,31
983,24
984,24
985,23
986,19
987,15
988,25
989,22
990,26
991,16
992,38
993,38
994,25
995,31
996,20
997,36
998,32
999,32
