,gameDuration
0,23
1,26
2,31
3,22
4,33
5,23
6,28
7,37
8,34
9,32
10,30
11,29
12,27
13,38
14,20
15,20
16,36
17,32
18,29
19,55
20,35
21,25
22,30
23,30
24,27
25,35
26,26
27,33
28,31
29,31
30,26
31,36
32,31
33,38
34,27
35,34
36,31
37,35
38,28
39,38
40,16
41,23
42,31
43,31
44,2
45,30
46,23
47,37
48,42
49,32
50,16
51,34
52,22
53,27
54,26
55,27
56,31
57,21
58,2
59,32
60,27
61,34
62,27
63,24
64,26
65,31
66,26
67,26
68,44
69,32
70,23
71,33
72,47
73,2
74,37
75,29
76,29
77,24
78,33
79,28
80,26
81,26
82,30
83,26
84,34
85,33
86,37
87,27
88,26
89,30
90,35
91,39
92,31
93,36
94,19
95,30
96,28
97,36
98,38
99,17
100,32
101,32
102,16
103,21
104,35
105,43
106,31
107,2
108,37
109,31
110,23
111,43
112,38
113,24
114,20
115,22
116,29
117,31
118,20
119,22
120,17
121,32
122,28
123,33
124,29
125,20
126,28
127,35
128,43
129,19
130,32
131,35
132,37
133,28
134,28
135,28
136,31
137,32
138,35
139,33
140,29
141,44
142,32
143,28
144,41
145,29
146,37
147,35
148,45
149,24
150,29
151,30
152,39
153,30
154,44
155,27
156,29
157,31
158,34
159,38
160,33
161,28
162,36
163,27
164,17
165,26
166,30
167,30
168,21
169,26
170,25
171,34
172,29
173,26
174,40
175,30
176,31
177,30
178,34
179,35
180,19
181,44
182,33
183,33
184,34
185,33
186,33
187,29
188,35
189,26
190,39
191,24
192,34
193,21
194,26
195,28
196,24
197,39
198,36
199,41
200,27
201,30
202,36
203,28
204,32
205,33
206,43
207,22
208,33
209,28
210,22
211,31
212,21
213,28
214,35
215,40
216,31
217,23
218,26
219,22
220,35
221,33
222,34
223,42
224,29
225,22
226,36
227,30
228,24
229,23
230,30
231,28
232,31
233,28
234,31
235,35
236,28
237,31
238,40
239,20
240,31
241,33
242,15
243,50
244,33
245,32
246,24
247,30
248,31
249,38
250,29
251,39
252,2
253,38
254,23
255,24
256,23
257,29
258,35
259,26
260,42
261,29
262,35
263,31
264,26
265,43
266,31
267,38
268,41
269,30
270,26
271,41
272,22
273,24
274,33
275,34
276,28
277,29
278,24
279,17
280,2
281,30
282,30
283,34
284,2
285,38
286,15
287,22
288,33
289,30
290,36
291,29
292,42
293,15
294,34
295,42
296,38
297,29
298,31
299,28
300,31
301,30
302,40
303,33
304,30
305,35
306,37
307,34
308,19
309,36
310,36
311,38
312,39
313,15
314,41
315,27
316,2
317,26
318,30
319,30
320,38
321,31
322,36
323,37
324,32
325,34
326,37
327,30
328,35
329,34
330,34
331,34
332,32
333,25
334,37
335,37
336,33
337,17
338,16
339,28
340,34
341,36
342,28
343,36
344,19
345,32
346,29
347,28
348,35
349,36
350,30
351,29
352,28
353,23
354,30
355,31
356,29
357,14
358,31
359,37
360,29
361,34
362,30
363,33
364,33
365,40
366,26
367,23
368,20
369,30
370,34
371,17
372,34
373,45
374,28
375,35
376,32
377,30
378,37
379,30
380,34
381,25
382,27
383,27
384,30
385,24
386,23
387,31
388,40
389,36
390,23
391,42
392,38
393,28
394,38
395,31
396,30
397,41
398,39
399,48
400,27
401,20
402,35
403,24
404,20
405,25
406,28
407,25
408,33
409,26
410,22
411,18
412,16
413,39
414,25
415,28
416,44
417,37
418,31
419,32
420,15
421,35
422,32
423,40
424,36
425,23
426,29
427,2
428,38
429,28
430,33
431,24
432,40
433,37
434,20
435,46
436,32
437,36
438,33
439,41
440,20
441,19
442,33
443,27
444,31
445,27
446,28
447,42
448,31
449,33
450,32
451,28
452,2
453,31
454,18
455,36
456,22
457,45
458,4
459,39
460,35
461,32
462,29
463,25
464,26
465,43
466,21
467,28
468,42
469,27
470,16
471,24
472,43
473,25
474,32
475,33
476,13
477,28
478,26
479,26
480,31
481,28
482,27
483,28
484,35
485,41
486,20
487,26
488,15
489,27
490,28
491,23
492,43
493,35
494,51
495,29
496,27
497,29
498,48
499,26
500,30
501,32
502,39
503,31
504,33
505,29
506,34
507,24
508,42
509,27
510,30
511,38
512,34
513,24
514,22
515,26
516,8
517,36
518,28
519,33
520,23
521,22
522,26
523,46
524,29
525,33
526,34
527,37
528,25
529,32
530,34
531,24
532,28
533,30
534,39
535,34
536,26
537,27
538,24
539,27
540,33
541,37
542,21
543,24
544,39
545,26
546,30
547,32
548,40
549,21
550,39
551,27
552,35
553,25
554,38
555,28
556,25
557,19
558,35
559,25
560,32
561,34
562,29
563,31
564,40
565,38
566,33
567,30
568,20
569,47
570,34
571,37
572,17
573,37
574,29
575,33
576,33
577,46
578,20
579,31
580,21
581,26
582,27
583,37
584,35
585,24
586,22
587,30
588,27
589,27
590,43
591,35
592,32
593,27
594,28
595,35
596,28
597,34
598,27
599,51
600,30
601,26
602,41
603,29
604,27
605,35
606,31
607,26
608,10
609,14
610,32
611,34
612,28
613,28
614,20
615,27
616,54
617,34
618,27
619,24
620,32
621,19
622,36
623,15
624,25
625,35
626,38
627,30
628,22
629,26
630,30
631,38
632,25
633,24
634,37
635,40
636,37
637,38
638,32
639,44
640,28
641,29
642,32
643,31
644,29
645,34
646,41
647,19
648,33
649,24
650,43
651,25
652,31
653,25
654,32
655,38
656,43
657,26
658,26
659,31
660,34
661,32
662,22
663,35
664,28
665,37
666,31
667,25
668,24
669,26
670,31
671,25
672,27
673,29
674,24
675,31
676,21
677,27
678,31
679,38
680,45
681,27
682,32
683,31
684,27
685,28
686,32
687,24
688,30
689,16
690,32
691,24
692,30
693,15
694,43
695,37
696,38
697,30
698,36
699,26
700,37
701,33
702,30
703,47
704,38
705,36
706,36
707,28
708,42
709,34
710,23
711,38
712,28
713,28
714,32
715,22
716,26
717,31
718,27
719,27
720,33
721,37
722,35
723,46
724,16
725,35
726,27
727,27
728,38
729,24
730,22
731,31
732,21
733,28
734,35
735,32
736,21
737,42
738,36
739,28
740,32
741,30
742,31
743,24
744,32
745,37
746,37
747,35
748,22
749,28
750,41
751,34
752,32
753,39
754,34
755,21
756,28
757,15
758,32
759,29
760,42
761,27
762,40
763,16
764,37
765,31
766,40
767,2
768,38
769,40
770,29
771,34
772,25
773,30
774,36
775,25
776,26
777,34
778,26
779,30
780,45
781,35
782,17
783,24
784,34
785,32
786,30
787,44
788,27
789,37
790,38
791,16
792,24
793,37
794,33
795,30
796,35
797,32
798,40
799,42
800,28
801,28
802,27
803,16
804,40
805,28
806,28
807,28
808,37
809,38
810,32
811,32
812,28
813,34
814,31
815,32
816,29
817,15
818,33
819,38
820,30
821,30
822,33
823,24
824,33
825,24
826,21
827,27
828,33
829,24
830,29
831,32
832,32
833,32
834,45
835,34
836,19
837,30
838,29
839,20
840,33
841,37
842,30
843,27
844,33
845,29
846,25
847,38
848,29
849,35
850,37
851,25
852,44
853,22
854,29
855,36
856,30
857,25
858,21
859,28
860,30
861,25
862,2
863,21
864,39
865,32
866,23
867,34
868,16
869,30
870,28
871,22
872,37
873,32
874,16
875,46
876,36
877,25
878,41
879,26
880,15
881,29
882,35
883,34
884,36
885,16
886,27
887,36
888,38
889,33
890,32
891,24
892,29
893,25
894,31
895,32
896,36
897,21
898,27
899,29
900,47
901,30
902,28
903,26
904,26
905,44
906,32
907,37
908,38
909,48
910,28
911,30
912,16
913,32
914,30
915,30
916,32
917,15
918,24
919,36
920,35
921,25
922,33
923,30
924,24
925,28
926,27
927,19
928,19
929,18
930,27
931,34
932,49
933,24
934,23
935,22
936,30
937,32
938,34
939,29
940,27
941,25
942,27
943,27
944,49
945,45
946,39
947,56
948,30
949,33
950,32
951,30
952,44
953,35
954,39
955,30
956,41
957,29
958,4
959,37
960,31
961,38
962,35
963,29
964,29
965,20
966,33
967,20
968,27
969,41
970,38
971,24
972,29
973,24
974,22
975,18
976,28
977,32
978,25
979,30
980,42
981,27
982,39
983,39
984,30
985,25
986,50
987,30
988,38
989,33
990,17
991,19
992,16
993,39
994,37
995,24
996,26
997,27
998,32
999,36
1000,36
1001,32
1002,43
1003,24
1004,32
1005,32
1006,18
1007,33
1008,37
1009,28
1010,29
1011,39
1012,39
1013,21
1014,30
1015,30
1016,20
1017,31
1018,27
1019,43
1020,27
1021,45
1022,27
1023,40
1024,23
1025,25
1026,6
1027,25
1028,41
1029,18
1030,26
1031,15
1032,27
1033,26
1034,2
1035,40
1036,34
1037,16
1038,16
1039,28
1040,31
1041,29
1042,29
1043,25
1044,39
1045,28
1046,25
1047,16
1048,24
1049,28
1050,21
1051,33
1052,24
1053,28
1054,26
1055,32
1056,23
1057,38
1058,22
1059,30
1060,31
1061,32
1062,20
1063,17
1064,27
1065,32
1066,47
1067,29
1068,32
1069,43
1070,30
1071,25
1072,18
1073,33
1074,25
1075,33
1076,40
1077,21
1078,28
1079,38
1080,33
1081,36
1082,26
1083,17
1084,29
1085,33
1086,2
1087,27
1088,33
1089,29
1090,33
1091,35
1092,45
1093,26
1094,15
1095,28
1096,21
1097,24
1098,21
1099,39
1100,32
1101,20
1102,32
1103,22
1104,34
1105,31
1106,31
1107,38
1108,43
1109,32
1110,26
1111,30
1112,44
1113,36
1114,32
1115,26
1116,36
1117,34
1118,30
1119,31
1120,37
1121,33
1122,25
1123,29
1124,35
1125,25
1126,38
1127,35
1128,23
1129,31
1130,32
1131,53
1132,28
1133,36
1134,40
1135,27
1136,43
1137,38
1138,29
1139,31
1140,15
1141,35
1142,37
1143,22
1144,32
1145,32
1146,32
1147,22
1148,26
1149,36
1150,29
1151,40
1152,30
1153,24
1154,27
1155,26
1156,24
1157,39
1158,32
1159,42
1160,39
1161,26
1162,31
1163,26
1164,39
1165,27
1166,38
1167,34
1168,28
1169,38
1170,40
1171,32
1172,31
1173,35
1174,30
1175,34
1176,35
1177,19
1178,23
1179,18
1180,19
1181,30
1182,21
1183,16
1184,32
1185,33
1186,26
1187,29
1188,20
1189,20
1190,23
1191,40
1192,27
1193,31
1194,32
1195,29
1196,2
1197,33
1198,17
1199,47
1200,35
1201,31
1202,50
1203,44
1204,25
1205,15
1206,43
1207,29
1208,28
1209,30
1210,15
1211,35
1212,38
1213,20
1214,32
1215,37
1216,24
1217,30
1218,36
1219,31
1220,26
1221,27
1222,32
1223,33
1224,18
1225,27
1226,28
1227,18
1228,27
1229,30
1230,34
1231,30
1232,3
1233,24
1234,23
1235,27
1236,35
1237,26
1238,42
1239,35
1240,28
1241,35
1242,23
1243,31
1244,34
1245,20
1246,16
1247,37
1248,28
1249,35
1250,33
1251,32
1252,21
1253,31
1254,27
1255,43
1256,20
1257,23
1258,31
1259,16
1260,29
1261,31
1262,25
1263,29
1264,32
1265,23
1266,4
1267,19
1268,34
1269,36
1270,35
1271,26
1272,29
1273,30
1274,27
1275,18
1276,15
1277,29
1278,18
1279,33
1280,28
1281,26
1282,27
1283,35
1284,21
1285,30
1286,33
1287,35
1288,34
1289,44
1290,25
1291,19
1292,45
1293,30
1294,39
1295,32
1296,15
1297,16
1298,20
1299,32
1300,31
1301,37
1302,16
1303,2
1304,28
1305,21
1306,39
1307,23
1308,29
1309,32
1310,35
1311,35
1312,40
1313,29
1314,34
1315,19
1316,22
1317,23
1318,32
1319,31
1320,34
1321,35
1322,30
1323,30
1324,35
1325,31
1326,23
1327,33
1328,30
1329,25
1330,26
1331,23
1332,36
1333,45
1334,32
1335,32
1336,26
1337,16
1338,34
1339,33
1340,36
1341,35
1342,28
1343,25
1344,33
1345,41
1346,22
1347,26
1348,21
1349,31
1350,43
1351,23
1352,40
1353,38
1354,42
1355,25
1356,33
1357,29
1358,18
1359,44
1360,19
1361,25
1362,40
1363,26
1364,2
1365,30
1366,18
1367,32
1368,33
1369,33
1370,15
1371,37
1372,23
1373,29
1374,16
1375,34
1376,27
1377,28
1378,30
1379,28
1380,32
1381,29
1382,26
1383,20
1384,35
1385,19
1386,39
1387,29
1388,32
1389,32
1390,32
1391,30
1392,23
1393,23
1394,34
1395,37
1396,47
1397,27
1398,27
1399,41
1400,43
1401,52
1402,43
1403,15
1404,36
1405,39
1406,30
1407,29
1408,32
1409,22
1410,37
1411,28
1412,23
1413,31
1414,26
1415,30
1416,29
1417,36
1418,29
1419,32
1420,29
1421,25
1422,27
1423,28
1424,28
1425,30
1426,58
1427,48
1428,32
1429,28
1430,26
1431,42
1432,35
1433,30
1434,30
1435,22
1436,34
1437,16
1438,31
1439,26
1440,35
1441,27
1442,31
1443,38
1444,32
1445,37
1446,29
1447,25
1448,46
1449,25
1450,34
1451,29
1452,21
1453,38
1454,31
1455,32
1456,38
1457,19
1458,39
1459,30
1460,27
1461,25
1462,30
1463,26
1464,30
1465,25
1466,35
1467,28
1468,31
1469,28
1470,21
1471,32
1472,33
1473,32
1474,30
1475,46
1476,38
1477,26
1478,29
1479,41
1480,24
1481,38
1482,31
1483,34
1484,2
1485,34
1486,44
1487,21
1488,36
1489,26
1490,28
1491,26
1492,36
1493,23
1494,40
1495,32
1496,30
1497,27
1498,43
1499,37
1500,39
1501,43
1502,17
1503,29
1504,41
1505,32
1506,44
1507,21
1508,31
1509,36
1510,43
1511,53
1512,51
1513,31
1514,35
1515,38
1516,31
1517,36
1518,21
1519,31
1520,36
1521,2
1522,32
1523,32
1524,37
1525,32
1526,21
1527,41
1528,24
1529,39
1530,45
1531,35
1532,36
1533,32
1534,34
1535,37
1536,58
1537,34
1538,2
1539,16
1540,22
1541,39
1542,19
1543,42
1544,31
1545,20
1546,38
1547,30
1548,53
1549,25
1550,32
1551,28
1552,33
1553,30
1554,44
1555,28
1556,51
1557,17
1558,28
1559,32
1560,38
1561,29
1562,33
1563,19
1564,34
1565,43
1566,29
1567,37
1568,17
1569,38
1570,32
1571,40
1572,2
1573,33
1574,22
1575,25
1576,27
1577,24
1578,6
1579,41
1580,33
1581,29
1582,36
1583,27
1584,33
1585,33
1586,45
1587,22
1588,20
1589,29
1590,36
1591,24
1592,34
1593,29
1594,29
1595,33
1596,29
1597,27
1598,33
1599,33
1600,22
1601,37
1602,25
1603,44
1604,28
1605,18
1606,30
1607,35
1608,3
1609,41
1610,18
1611,22
1612,31
1613,49
1614,2
1615,30
1616,36
1617,32
1618,38
1619,46
1620,34
1621,38
1622,45
1623,24
1624,35
1625,36
1626,34
1627,32
1628,26
1629,30
1630,31
1631,24
1632,27
1633,2
1634,33
1635,29
1636,42
1637,2
1638,24
1639,19
1640,32
1641,36
1642,29
1643,32
1644,24
1645,46
1646,27
1647,26
1648,33
1649,26
1650,35
1651,2
1652,28
1653,34
1654,38
1655,41
1656,34
1657,32
1658,32
1659,23
1660,46
1661,24
1662,31
1663,40
1664,24
1665,31
1666,30
1667,29
1668,23
1669,29
1670,30
1671,38
1672,37
1673,24
1674,2
1675,26
1676,36
1677,34
1678,23
1679,34
1680,34
1681,20
1682,46
1683,43
1684,15
1685,32
1686,28
1687,2
1688,28
1689,23
1690,34
1691,21
1692,41
1693,32
1694,31
1695,33
1696,32
1697,44
1698,34
1699,31
1700,32
1701,39
1702,34
1703,23
1704,25
1705,34
1706,23
1707,32
1708,16
1709,33
1710,33
1711,23
1712,33
1713,31
1714,41
1715,19
1716,27
1717,35
1718,39
1719,31
1720,35
1721,31
1722,32
1723,19
1724,31
1725,31
1726,27
1727,36
1728,27
1729,28
1730,34
1731,35
1732,31
1733,31
1734,25
1735,17
1736,19
1737,31
1738,28
1739,35
1740,43
1741,27
1742,35
1743,5
1744,42
1745,16
1746,30
1747,30
1748,22
1749,40
1750,27
1751,30
1752,38
1753,20
1754,24
1755,37
1756,35
1757,28
1758,44
1759,44
1760,23
1761,29
1762,38
1763,35
1764,21
1765,38
1766,35
1767,37
1768,34
1769,29
1770,31
1771,28
1772,38
1773,34
1774,31
1775,29
1776,33
1777,25
1778,33
1779,31
1780,28
1781,28
1782,27
1783,43
1784,30
1785,48
1786,41
1787,31
1788,34
1789,16
1790,36
1791,31
1792,20
1793,2
1794,22
1795,30
1796,25
1797,37
1798,38
1799,37
1800,41
1801,40
1802,31
1803,41
1804,31
1805,35
1806,25
1807,19
1808,31
1809,29
1810,30
1811,25
1812,31
1813,34
1814,25
1815,17
1816,30
1817,25
1818,29
1819,17
1820,17
1821,35
1822,30
1823,14
1824,26
1825,33
1826,34
1827,40
1828,24
1829,27
1830,29
1831,45
1832,4
1833,22
1834,25
1835,37
1836,31
1837,39
1838,41
1839,40
1840,15
1841,2
1842,34
1843,33
1844,30
1845,30
1846,26
1847,29
1848,31
1849,38
1850,44
1851,27
1852,20
1853,30
1854,36
1855,30
1856,33
1857,38
1858,34
1859,36
1860,27
1861,22
1862,21
1863,38
1864,25
1865,28
1866,16
1867,28
1868,36
1869,20
1870,2
1871,20
1872,40
1873,2
1874,2
1875,31
1876,33
1877,30
1878,33
1879,27
1880,35
1881,28
1882,26
1883,24
1884,32
1885,38
1886,30
1887,33
1888,17
1889,36
1890,50
1891,28
1892,30
1893,23
1894,24
1895,34
1896,23
1897,43
1898,32
1899,42
1900,29
1901,33
1902,2
1903,42
1904,37
1905,38
1906,29
1907,43
1908,34
1909,32
1910,35
1911,30
1912,23
1913,17
1914,34
1915,33
1916,46
1917,27
1918,26
1919,35
1920,30
1921,36
1922,33
1923,29
1924,24
1925,33
1926,34
1927,17
1928,30
1929,32
1930,24
1931,25
1932,2
1933,34
1934,27
1935,37
1936,39
1937,31
1938,28
1939,28
1940,27
1941,34
1942,33
1943,33
1944,39
1945,36
1946,19
1947,28
1948,27
1949,22
1950,35
1951,26
1952,28
1953,34
1954,47
1955,25
1956,23
1957,45
1958,34
1959,33
1960,40
1961,41
1962,28
1963,41
1964,38
1965,34
1966,28
1967,36
1968,34
1969,15
1970,35
1971,34
1972,41
1973,37
1974,22
1975,37
1976,2
1977,29
1978,22
1979,29
1980,34
1981,29
1982,33
1983,27
1984,32
1985,27
1986,6
1987,24
1988,37
1989,33
1990,38
1991,25
1992,31
1993,28
1994,25
1995,15
1996,34
1997,32
1998,32
1999,25
2000,35
2001,23
2002,28
2003,29
2004,19
2005,27
2006,29
2007,24
2008,34
2009,31
2010,22
2011,24
2012,34
2013,34
2014,34
2015,38
2016,28
2017,30
2018,25
2019,33
2020,41
2021,15
2022,25
2023,23
2024,29
2025,20
2026,40
2027,40
2028,31
2029,40
2030,37
2031,35
2032,35
2033,28
2034,36
2035,29
2036,16
2037,41
2038,7
2039,29
2040,25
2041,23
2042,34
2043,36
2044,18
2045,30
2046,15
2047,27
2048,33
2049,28
2050,42
2051,30
2052,2
2053,33
2054,26
2055,33
2056,25
2057,2
2058,33
2059,7
2060,34
2061,33
2062,36
2063,32
2064,25
2065,2
2066,34
2067,28
2068,29
2069,33
2070,29
2071,35
2072,42
2073,30
2074,23
2075,28
2076,17
2077,32
2078,45
2079,44
2080,25
2081,23
2082,33
2083,4
2084,46
2085,32
2086,40
2087,34
2088,24
2089,45
2090,27
2091,39
2092,31
2093,28
2094,30
2095,29
2096,22
2097,27
2098,32
2099,28
2100,34
2101,36
2102,32
2103,22
2104,28
2105,37
2106,46
2107,24
2108,27
2109,32
2110,42
2111,31
2112,34
2113,2
2114,24
2115,2
2116,39
2117,30
2118,27
2119,36
2120,41
2121,29
2122,34
2123,26
2124,30
2125,30
2126,19
2127,51
2128,2
2129,24
2130,43
2131,17
2132,31
2133,26
2134,30
2135,3
2136,34
2137,24
2138,37
2139,32
2140,34
2141,2
2142,28
2143,46
2144,21
2145,29
2146,35
2147,21
2148,32
2149,25
2150,15
2151,30
2152,27
2153,31
2154,27
2155,25
2156,27
2157,23
2158,31
2159,27
2160,21
2161,33
2162,30
2163,35
2164,3
2165,35
2166,15
2167,42
2168,27
2169,44
2170,30
2171,23
2172,31
2173,30
2174,36
2175,28
2176,30
2177,33
2178,27
2179,40
2180,25
2181,24
2182,26
2183,26
2184,27
2185,17
2186,20
2187,34
2188,35
2189,26
2190,26
2191,15
2192,28
2193,25
2194,33
2195,28
2196,33
2197,23
2198,37
2199,37
2200,24
2201,18
2202,30
2203,40
2204,28
2205,33
2206,31
2207,41
2208,37
2209,33
2210,3
2211,38
2212,34
2213,30
2214,33
2215,43
2216,33
2217,29
2218,28
2219,31
2220,35
2221,35
2222,29
2223,30
2224,26
2225,16
2226,33
2227,31
2228,40
2229,37
2230,41
2231,36
2232,29
2233,35
2234,31
2235,28
2236,29
2237,32
2238,43
2239,32
2240,33
2241,21
2242,17
2243,17
2244,25
2245,36
2246,38
2247,29
2248,11
2249,35
2250,27
2251,43
2252,24
2253,32
2254,29
2255,37
2256,34
2257,27
2258,39
2259,32
2260,45
2261,36
2262,20
2263,35
2264,34
2265,26
2266,36
2267,25
2268,33
2269,18
2270,36
2271,11
2272,29
2273,33
2274,47
2275,28
2276,40
2277,25
2278,28
2279,25
2280,2
2281,49
2282,26
2283,47
2284,28
2285,26
2286,31
2287,25
2288,24
2289,36
2290,18
2291,32
2292,32
2293,34
2294,28
2295,46
2296,43
2297,33
2298,30
2299,31
2300,33
2301,27
2302,16
2303,31
2304,33
2305,31
2306,41
2307,36
2308,2
2309,39
2310,29
2311,32
2312,2
2313,16
2314,20
2315,22
2316,46
2317,36
2318,32
2319,33
2320,23
2321,37
2322,33
2323,2
2324,34
2325,16
2326,33
2327,35
2328,37
2329,30
2330,41
2331,28
2332,29
2333,39
2334,25
2335,27
2336,29
2337,41
2338,28
2339,28
2340,38
2341,40
2342,33
2343,29
2344,32
2345,30
2346,44
2347,41
2348,33
2349,30
2350,34
2351,35
2352,27
2353,26
2354,29
2355,31
2356,44
2357,42
2358,36
2359,33
2360,42
2361,35
2362,39
2363,27
2364,38
2365,28
2366,27
2367,36
2368,37
2369,31
2370,30
2371,33
2372,28
2373,38
2374,27
2375,26
2376,36
2377,29
2378,31
2379,35
2380,29
2381,35
2382,41
2383,22
2384,28
2385,21
2386,34
2387,34
2388,35
2389,31
2390,22
2391,25
2392,18
2393,29
2394,23
2395,51
2396,26
2397,27
2398,25
2399,29
2400,2
2401,2
2402,34
2403,35
2404,37
2405,48
2406,41
2407,26
2408,30
2409,39
2410,19
2411,26
2412,50
2413,42
2414,28
2415,15
2416,24
2417,25
2418,28
2419,37
2420,30
2421,24
2422,33
2423,20
2424,19
2425,31
2426,43
2427,46
2428,45
2429,29
2430,27
2431,25
2432,39
2433,37
2434,39
2435,33
2436,35
2437,32
2438,30
2439,31
2440,41
2441,21
2442,29
2443,35
2444,38
2445,15
2446,32
2447,30
2448,35
2449,31
2450,30
2451,35
2452,21
2453,42
2454,33
2455,35
2456,23
2457,36
2458,24
2459,27
2460,2
2461,34
2462,34
2463,39
2464,38
2465,42
2466,25
2467,27
2468,28
2469,33
2470,32
2471,20
2472,19
2473,32
2474,24
2475,19
2476,25
2477,2
2478,28
2479,20
2480,26
2481,16
2482,42
2483,39
2484,25
2485,24
2486,35
2487,15
2488,28
2489,30
2490,29
2491,38
2492,48
2493,31
2494,27
2495,16
2496,23
2497,24
2498,43
2499,29
2500,23
2501,27
2502,22
2503,31
2504,40
2505,33
2506,31
2507,43
2508,29
2509,35
2510,37
2511,39
2512,30
2513,38
2514,39
2515,42
2516,28
2517,17
2518,38
2519,23
2520,27
2521,21
2522,31
2523,29
2524,21
2525,33
2526,43
2527,41
2528,14
2529,25
2530,22
2531,34
2532,32
2533,16
2534,11
2535,33
2536,33
2537,26
2538,25
2539,41
2540,19
2541,27
2542,25
2543,30
2544,37
2545,30
2546,22
2547,33
2548,36
2549,40
2550,31
2551,31
2552,39
2553,41
2554,27
2555,40
2556,28
2557,30
2558,28
2559,27
2560,28
2561,33
2562,21
2563,29
2564,30
2565,35
2566,28
2567,25
2568,16
2569,28
2570,28
2571,33
2572,36
2573,2
2574,29
2575,45
2576,26
2577,36
2578,25
2579,20
2580,32
2581,4
2582,30
2583,31
2584,38
2585,30
2586,22
2587,28
2588,25
2589,16
2590,15
2591,28
2592,31
2593,26
2594,35
2595,28
2596,28
2597,29
2598,26
2599,26
2600,27
2601,27
2602,21
2603,48
2604,27
2605,24
2606,37
2607,19
2608,37
2609,37
2610,16
2611,29
2612,44
2613,23
2614,2
2615,35
2616,29
2617,29
2618,27
2619,39
2620,34
2621,43
2622,20
2623,35
2624,28
2625,31
2626,41
2627,27
2628,16
2629,26
2630,28
2631,33
2632,35
2633,22
2634,33
2635,23
2636,28
2637,26
2638,35
2639,34
2640,37
2641,34
2642,38
2643,32
2644,34
2645,32
2646,22
2647,40
2648,15
2649,30
2650,40
2651,29
2652,28
2653,27
2654,27
2655,30
2656,33
2657,32
2658,30
2659,29
2660,24
2661,26
2662,29
2663,23
2664,22
2665,25
2666,39
2667,23
2668,38
2669,33
2670,25
2671,20
2672,42
2673,38
2674,22
2675,32
2676,25
2677,34
2678,28
2679,38
2680,19
2681,33
2682,45
2683,24
2684,30
2685,22
2686,25
2687,31
2688,33
2689,37
2690,29
2691,2
2692,26
2693,30
2694,30
2695,28
2696,42
2697,43
2698,30
2699,45
2700,35
2701,28
2702,29
2703,33
2704,35
2705,23
2706,33
2707,47
2708,39
2709,2
2710,20
2711,30
2712,41
2713,25
2714,30
2715,29
2716,29
2717,22
2718,34
2719,48
2720,35
2721,42
2722,32
2723,40
2724,2
2725,31
2726,26
2727,37
2728,30
2729,15
2730,30
2731,38
2732,26
2733,34
2734,36
2735,45
2736,27
2737,4
2738,19
2739,17
2740,18
2741,33
2742,27
2743,31
2744,46
2745,41
2746,11
2747,41
2748,16
2749,22
2750,35
2751,31
2752,14
2753,26
2754,29
2755,41
2756,33
2757,29
2758,38
2759,34
2760,35
2761,26
2762,26
2763,8
2764,2
2765,38
2766,30
2767,33
2768,37
2769,27
2770,31
2771,44
2772,33
2773,32
2774,32
2775,19
2776,26
2777,27
2778,34
2779,41
2780,35
2781,40
2782,35
2783,26
2784,3
2785,31
2786,28
2787,29
2788,18
2789,23
2790,34
2791,27
2792,34
2793,28
2794,26
2795,44
2796,24
2797,32
2798,34
2799,41
2800,30
2801,25
2802,23
2803,37
2804,50
2805,29
2806,36
2807,38
2808,2
2809,42
2810,39
2811,43
2812,22
2813,33
2814,37
2815,45
2816,25
2817,29
2818,46
2819,31
2820,39
2821,29
2822,31
2823,32
2824,30
2825,17
2826,25
2827,33
2828,35
2829,28
2830,40
2831,2
2832,39
2833,34
2834,31
2835,34
2836,31
2837,22
2838,23
2839,29
2840,36
2841,19
2842,2
2843,40
2844,32
2845,29
2846,30
2847,21
2848,24
2849,16
2850,22
2851,49
2852,28
2853,32
2854,35
2855,36
2856,43
2857,22
2858,37
2859,30
2860,34
2861,26
2862,26
2863,29
2864,33
2865,26
2866,31
2867,26
2868,36
2869,39
2870,39
2871,32
2872,28
2873,22
2874,32
2875,31
2876,36
2877,26
2878,31
2879,28
2880,36
2881,21
2882,41
2883,41
2884,29
2885,27
2886,29
2887,42
2888,32
2889,30
2890,31
2891,35
2892,23
2893,26
2894,27
2895,39
2896,31
2897,20
2898,31
2899,29
2900,23
2901,44
2902,45
2903,41
2904,37
2905,39
2906,24
2907,38
2908,2
2909,32
2910,40
2911,20
2912,25
2913,30
2914,31
2915,26
2916,24
2917,36
2918,38
2919,39
2920,16
2921,35
2922,32
2923,23
2924,39
2925,23
2926,49
2927,28
2928,28
2929,34
2930,34
2931,34
2932,25
2933,38
2934,28
2935,39
2936,19
2937,30
2938,26
2939,32
2940,35
2941,36
2942,25
2943,43
2944,32
2945,24
2946,26
2947,54
2948,19
2949,33
2950,31
2951,22
2952,27
2953,16
2954,2
2955,35
2956,39
2957,28
2958,25
2959,34
2960,28
2961,28
2962,35
2963,39
2964,18
2965,34
2966,26
2967,38
2968,46
2969,16
2970,27
2971,31
2972,37
2973,44
2974,32
2975,30
2976,26
2977,44
2978,37
2979,26
2980,36
2981,2
2982,45
2983,25
2984,37
2985,28
2986,37
2987,30
2988,20
2989,35
2990,34
2991,28
2992,2
2993,43
2994,29
2995,27
2996,30
2997,25
2998,21
2999,21
3000,23
3001,42
3002,28
3003,30
3004,26
3005,15
3006,46
3007,25
3008,36
3009,25
3010,30
3011,28
3012,25
3013,29
3014,27
3015,29
3016,22
3017,31
3018,35
3019,27
3020,28
3021,38
3022,23
3023,31
3024,38
3025,19
3026,2
3027,27
3028,31
3029,32
3030,41
3031,36
3032,33
3033,26
3034,29
3035,29
3036,37
3037,34
3038,24
3039,44
3040,21
3041,28
3042,24
3043,35
3044,25
3045,32
3046,37
3047,27
3048,24
3049,40
3050,18
3051,21
3052,2
3053,38
3054,24
3055,50
3056,35
3057,39
3058,25
3059,22
3060,24
3061,39
3062,24
3063,27
3064,25
3065,23
3066,37
3067,24
3068,2
3069,35
3070,22
3071,33
3072,31
3073,39
3074,30
3075,35
3076,50
3077,31
3078,28
3079,24
3080,33
3081,27
3082,23
3083,24
3084,21
3085,33
3086,28
3087,36
3088,33
3089,17
3090,29
3091,18
3092,44
3093,30
3094,29
3095,35
3096,25
3097,23
3098,25
3099,35
3100,28
3101,33
3102,21
3103,25
3104,37
3105,21
3106,24
3107,24
3108,28
3109,26
3110,39
3111,26
3112,35
3113,20
3114,33
3115,27
3116,30
3117,34
3118,33
3119,35
3120,24
3121,31
3122,28
3123,48
3124,15
3125,32
3126,25
3127,39
3128,2
3129,34
3130,26
3131,30
3132,22
3133,14
3134,27
3135,38
3136,39
3137,37
3138,39
3139,21
3140,19
3141,54
3142,20
3143,30
3144,38
3145,26
3146,24
3147,29
3148,39
3149,27
3150,9
3151,25
3152,26
3153,31
3154,46
3155,39
3156,31
3157,24
3158,33
3159,37
3160,39
3161,25
3162,27
3163,23
3164,37
3165,49
3166,15
3167,31
3168,35
3169,29
3170,30
3171,26
3172,31
3173,30
3174,25
3175,26
3176,39
3177,31
3178,22
3179,42
3180,35
3181,36
3182,34
3183,16
3184,15
3185,35
3186,34
3187,28
3188,35
3189,2
3190,26
3191,25
3192,2
3193,29
3194,38
3195,20
3196,29
3197,50
3198,39
3199,34
3200,36
3201,27
3202,29
3203,27
3204,29
3205,33
3206,2
3207,23
3208,16
3209,31
3210,27
3211,24
3212,17
3213,29
3214,26
3215,43
3216,35
3217,23
3218,2
3219,25
3220,31
3221,21
3222,26
3223,30
3224,17
3225,41
3226,35
3227,33
3228,49
3229,43
3230,19
3231,24
3232,42
3233,37
3234,31
3235,31
3236,27
3237,44
3238,22
3239,28
3240,29
3241,35
3242,16
3243,38
3244,44
3245,28
3246,42
3247,45
3248,34
3249,19
3250,35
3251,30
3252,32
3253,51
3254,37
3255,27
3256,31
3257,35
3258,26
3259,32
3260,39
3261,30
3262,32
3263,34
3264,32
3265,31
3266,2
3267,4
3268,26
3269,28
3270,33
3271,33
3272,24
3273,37
3274,28
3275,42
3276,33
3277,34
3278,2
3279,34
3280,36
3281,32
3282,31
3283,20
3284,38
3285,25
3286,26
3287,33
3288,27
3289,27
3290,26
3291,29
3292,22
3293,26
3294,29
3295,24
3296,2
3297,21
3298,44
3299,31
3300,25
3301,34
3302,16
3303,37
3304,30
3305,20
3306,32
3307,25
3308,27
3309,29
3310,30
3311,34
3312,32
3313,2
3314,26
3315,32
3316,49
3317,28
3318,24
3319,31
3320,29
3321,25
3322,29
3323,41
3324,30
3325,37
3326,35
3327,24
3328,29
3329,31
3330,26
3331,34
3332,36
3333,30
3334,26
3335,34
3336,27
3337,29
3338,30
3339,23
3340,29
3341,37
3342,39
3343,22
3344,33
3345,29
3346,32
3347,37
3348,38
3349,39
3350,31
3351,46
3352,28
3353,4
3354,27
3355,27
3356,30
3357,2
3358,23
3359,23
3360,27
3361,29
3362,20
3363,31
3364,31
3365,26
3366,34
3367,33
3368,39
3369,23
3370,22
3371,32
3372,43
3373,43
3374,2
3375,29
3376,36
3377,30
3378,7
3379,33
3380,25
3381,2
3382,43
3383,31
3384,22
3385,34
3386,36
3387,33
3388,34
3389,39
3390,33
3391,32
3392,37
3393,24
3394,28
3395,15
3396,40
3397,29
3398,2
3399,32
3400,8
3401,44
3402,33
3403,31
3404,33
3405,44
3406,32
3407,24
3408,35
3409,29
3410,37
3411,30
3412,40
3413,34
3414,28
3415,24
3416,32
3417,39
3418,28
3419,29
3420,31
3421,30
3422,31
3423,28
3424,18
3425,40
3426,34
3427,35
3428,34
3429,20
3430,38
3431,32
3432,22
3433,26
3434,33
3435,33
3436,23
3437,25
3438,33
3439,30
3440,28
3441,42
3442,31
3443,28
3444,24
3445,25
3446,36
3447,28
3448,24
3449,24
3450,25
3451,39
3452,31
3453,34
3454,47
3455,25
3456,39
3457,44
3458,26
3459,30
3460,28
3461,20
3462,2
3463,31
3464,30
3465,25
3466,31
3467,38
3468,16
3469,27
3470,27
3471,22
3472,32
3473,19
3474,31
3475,2
3476,2
3477,24
3478,32
3479,23
3480,40
3481,30
3482,46
3483,9
3484,26
3485,41
3486,32
3487,27
3488,31
3489,40
3490,23
3491,26
3492,29
3493,23
3494,32
3495,16
3496,22
3497,38
3498,36
3499,2
3500,29
3501,35
3502,34
3503,23
3504,37
3505,33
3506,18
3507,35
3508,28
3509,15
3510,22
3511,30
3512,29
3513,36
3514,21
3515,28
3516,35
3517,40
3518,2
3519,31
3520,34
3521,2
3522,35
3523,2
3524,31
3525,18
3526,30
3527,15
3528,37
3529,23
3530,29
3531,28
3532,24
3533,30
3534,38
3535,31
3536,29
3537,26
3538,33
3539,51
3540,48
3541,19
3542,32
3543,22
3544,38
3545,32
3546,34
3547,25
3548,27
3549,39
3550,31
3551,30
3552,33
3553,43
3554,29
3555,2
3556,33
3557,25
3558,38
3559,21
3560,30
3561,27
3562,32
3563,27
3564,28
3565,24
3566,43
3567,36
3568,28
3569,34
3570,25
3571,29
3572,25
3573,28
3574,2
3575,31
3576,28
3577,37
3578,2
3579,34
3580,31
3581,2
3582,38
3583,38
3584,28
3585,51
3586,22
3587,34
3588,34
3589,2
3590,26
3591,24
3592,36
3593,29
3594,40
3595,32
3596,26
3597,30
3598,26
3599,29
3600,23
3601,19
3602,33
3603,21
3604,36
3605,20
3606,31
3607,31
3608,2
3609,47
3610,45
3611,31
3612,36
3613,19
3614,30
3615,25
3616,26
3617,36
3618,20
3619,31
3620,25
3621,24
3622,27
3623,23
3624,39
3625,35
3626,30
3627,25
3628,42
3629,2
3630,22
3631,41
3632,26
3633,27
3634,31
3635,32
3636,40
3637,33
3638,29
3639,38
3640,23
3641,34
3642,27
3643,33
3644,26
3645,33
3646,19
3647,34
3648,21
3649,30
3650,32
3651,25
3652,31
3653,28
3654,47
3655,50
3656,4
3657,24
3658,17
3659,35
3660,36
3661,39
3662,39
3663,24
3664,14
3665,28
3666,34
3667,50
3668,37
3669,35
3670,21
3671,28
3672,24
3673,2
3674,33
3675,23
3676,37
3677,4
3678,30
3679,30
3680,20
3681,20
3682,35
3683,33
3684,37
3685,30
3686,25
3687,26
3688,2
3689,18
3690,31
3691,25
3692,25
3693,5
3694,32
3695,25
3696,29
3697,20
3698,35
3699,17
3700,32
3701,29
3702,38
3703,29
3704,33
3705,40
3706,26
3707,30
3708,39
3709,24
3710,36
3711,27
3712,20
3713,20
3714,27
3715,41
3716,38
3717,35
3718,35
3719,16
3720,26
3721,37
3722,38
3723,32
3724,2
3725,30
3726,37
3727,43
3728,29
3729,21
3730,34
3731,23
3732,30
3733,19
3734,26
3735,39
3736,46
3737,31
3738,6
3739,19
3740,25
3741,35
3742,23
3743,42
3744,21
3745,15
3746,2
3747,21
3748,31
3749,26
3750,32
3751,30
3752,30
3753,31
3754,41
3755,24
3756,45
3757,42
3758,26
3759,15
3760,38
3761,29
3762,34
3763,37
3764,16
3765,28
3766,23
3767,5
3768,3
3769,31
3770,34
3771,28
3772,33
3773,41
3774,30
3775,36
3776,29
3777,30
3778,19
3779,27
3780,22
3781,39
3782,33
3783,27
3784,32
3785,36
3786,31
3787,36
3788,33
3789,34
3790,40
3791,17
3792,18
3793,30
3794,28
3795,29
3796,40
3797,42
3798,32
3799,30
3800,78
3801,31
3802,20
3803,20
3804,25
3805,50
3806,39
3807,28
3808,31
3809,25
3810,40
3811,21
3812,32
3813,31
3814,37
3815,32
3816,40
3817,27
3818,52
3819,44
3820,34
3821,27
3822,22
3823,31
3824,27
3825,23
3826,36
3827,43
3828,30
3829,45
3830,36
3831,21
3832,31
3833,30
3834,36
3835,31
3836,28
3837,24
3838,33
3839,39
3840,25
3841,27
3842,30
3843,30
3844,22
3845,29
3846,25
3847,32
3848,36
3849,39
3850,30
3851,16
3852,34
3853,16
3854,20
3855,51
3856,15
3857,24
3858,32
3859,38
3860,2
3861,10
3862,35
3863,26
3864,31
3865,37
3866,32
3867,2
3868,19
3869,31
3870,34
3871,24
3872,27
3873,21
3874,28
3875,29
3876,32
3877,26
3878,48
3879,27
3880,34
3881,17
3882,26
3883,32
3884,2
3885,19
3886,15
3887,39
3888,33
3889,31
3890,35
3891,37
3892,31
3893,15
3894,33
3895,27
3896,28
3897,47
3898,19
3899,35
3900,50
3901,39
3902,24
3903,23
3904,36
3905,35
3906,26
3907,29
3908,2
3909,19
3910,34
3911,23
3912,22
3913,28
3914,23
3915,42
3916,28
3917,31
3918,30
3919,28
3920,34
3921,29
3922,31
3923,34
3924,38
3925,33
3926,29
3927,19
3928,23
3929,39
3930,26
3931,35
3932,22
3933,20
3934,33
3935,33
3936,48
3937,32
3938,36
3939,28
3940,23
3941,42
3942,37
3943,33
3944,39
3945,22
3946,46
3947,47
3948,25
3949,21
3950,28
3951,30
3952,25
3953,39
3954,46
3955,15
3956,21
3957,34
3958,34
3959,35
3960,29
3961,22
3962,2
3963,33
3964,39
3965,36
3966,24
3967,32
3968,38
3969,32
3970,44
3971,32
3972,36
3973,31
3974,21
3975,32
3976,36
3977,34
3978,23
3979,53
3980,46
3981,33
3982,2
3983,20
3984,30
3985,32
3986,27
3987,38
3988,33
3989,31
3990,31
3991,19
3992,27
3993,35
3994,26
3995,19
3996,38
3997,11
3998,33
3999,31
