,gameDuration
0,23
1,31
2,34
3,16
4,40
5,26
6,27
7,36
8,32
9,29
10,18
11,18
12,16
13,31
14,39
15,40
16,15
17,36
18,20
19,37
20,19
21,32
22,20
23,38
24,31
25,26
26,29
27,19
28,34
29,19
30,20
31,26
32,34
33,34
34,27
35,25
36,31
37,34
38,35
39,29
40,25
41,32
42,25
43,25
44,16
45,29
46,22
47,19
48,42
49,29
50,15
51,21
52,30
53,23
54,19
55,19
56,15
57,19
58,15
59,17
60,20
61,20
62,16
63,26
64,33
65,29
66,16
67,19
68,31
69,17
70,37
71,28
72,31
73,27
74,23
75,20
76,26
77,25
78,28
79,28
80,15
81,26
82,21
83,21
84,29
85,26
86,15
87,24
88,24
89,15
90,31
91,28
92,23
93,18
94,25
95,31
96,30
97,22
98,27
99,25
100,33
101,30
102,29
103,17
104,25
105,27
106,37
107,32
108,48
109,29
110,34
111,15
112,17
113,26
114,27
115,30
116,24
117,22
118,16
119,33
120,17
121,21
122,34
123,24
124,32
125,35
126,26
127,19
128,21
129,20
130,25
131,30
132,26
133,25
134,32
135,29
136,26
137,30
138,19
139,15
140,16
141,25
142,29
143,25
144,20
145,2
146,24
147,22
148,43
149,30
150,24
151,23
152,32
153,16
154,33
155,30
156,35
157,33
158,26
159,29
160,24
161,23
162,23
163,15
164,19
165,17
166,33
167,15
168,31
169,31
170,22
171,20
172,26
173,29
174,31
175,32
176,25
177,33
178,20
179,29
180,21
181,22
182,35
183,22
184,24
185,33
186,16
187,27
188,29
189,26
190,30
191,19
192,23
193,16
194,31
195,16
196,25
197,31
198,36
199,26
200,28
201,18
202,23
203,25
204,23
205,32
206,27
207,2
208,23
209,3
210,24
211,22
212,32
213,33
214,35
215,22
216,32
217,15
218,22
219,14
220,29
221,15
222,26
223,19
224,29
225,26
226,16
227,26
228,16
229,21
230,22
231,34
232,28
233,27
234,36
235,24
236,30
237,24
238,22
239,19
240,22
241,27
242,27
243,33
244,16
245,16
246,32
247,23
248,25
249,15
250,19
251,15
252,32
253,24
254,29
255,23
256,28
257,29
258,26
259,16
260,22
261,16
262,17
263,24
264,35
265,28
266,38
267,24
268,27
269,24
270,22
271,32
272,23
273,32
274,19
275,31
276,23
277,24
278,23
279,19
280,34
281,31
282,31
283,29
284,28
285,32
286,22
287,22
288,15
289,32
290,34
291,23
292,22
293,30
294,24
295,26
296,23
297,35
298,19
299,34
300,15
301,24
302,23
303,22
304,22
305,28
306,15
307,25
308,27
309,22
310,16
311,16
312,26
313,20
314,16
315,24
316,25
317,28
318,16
319,24
320,23
321,30
322,24
323,19
324,28
325,23
326,26
327,22
328,25
329,28
330,31
331,24
332,28
333,34
334,33
335,47
336,32
337,31
338,26
339,2
340,15
341,24
342,22
343,19
344,40
345,24
346,28
347,25
348,28
349,23
350,26
351,29
352,20
353,27
354,28
355,25
356,29
357,21
358,32
359,28
360,38
361,25
362,32
363,24
364,32
365,30
366,19
367,28
368,22
369,24
370,16
371,31
372,30
373,38
374,37
375,24
376,34
377,15
378,31
379,23
380,31
381,33
382,19
383,25
384,41
385,30
386,23
387,32
388,29
389,18
390,25
391,31
392,31
393,33
394,24
395,23
396,34
397,23
398,21
399,16
400,28
401,31
402,23
403,35
404,29
405,20
406,29
407,21
408,25
409,29
410,26
411,31
412,28
413,25
414,24
415,36
416,26
417,26
418,23
419,36
420,31
421,31
422,32
423,26
424,15
425,28
426,25
427,25
428,38
429,28
430,25
431,36
432,16
433,16
434,27
435,26
436,33
437,27
438,32
439,24
440,16
441,25
442,28
443,16
444,28
445,15
446,16
447,18
448,22
449,31
450,29
451,27
452,35
453,35
454,27
455,26
456,26
457,26
458,30
459,26
460,23
461,29
462,19
463,27
464,34
465,40
466,15
467,19
468,27
469,20
470,16
471,17
472,34
473,23
474,24
475,29
476,35
477,26
478,23
479,18
480,29
481,27
482,26
483,27
484,25
485,21
486,15
487,25
488,29
489,24
490,26
491,36
492,15
493,25
494,16
495,22
496,30
497,36
498,16
499,35
500,32
501,19
502,28
503,19
504,17
505,19
506,29
507,25
508,18
509,16
510,23
511,17
512,16
513,29
514,27
515,33
516,23
517,31
518,36
519,26
520,22
521,28
522,31
523,22
524,37
525,26
526,19
527,22
528,24
529,37
530,22
531,45
532,22
533,22
534,34
535,25
536,26
537,31
538,25
539,23
540,16
541,15
542,2
543,33
544,35
545,30
546,7
547,33
548,31
549,23
550,23
551,30
552,33
553,31
554,24
555,16
556,31
557,28
558,27
559,19
560,23
561,27
562,27
563,19
564,26
565,34
566,16
567,26
568,24
569,24
570,30
571,28
572,27
573,34
574,25
575,23
576,15
577,31
578,23
579,24
580,22
581,27
582,31
583,24
584,37
585,26
586,26
587,22
588,17
589,24
590,25
591,32
592,22
593,31
594,32
595,23
596,24
597,27
598,25
599,16
600,31
601,24
602,27
603,30
604,41
605,28
606,30
607,15
608,26
609,21
610,23
611,25
612,30
613,27
614,24
615,19
616,29
617,22
618,21
619,24
620,29
621,22
622,25
623,24
624,29
625,16
626,18
627,26
628,31
629,15
630,26
631,24
632,26
633,16
634,21
635,16
636,23
637,32
638,31
639,22
640,20
641,29
642,31
643,37
644,38
645,17
646,24
647,24
648,30
649,29
650,22
651,18
652,21
653,20
654,21
655,26
656,20
657,30
658,25
659,28
660,23
661,32
662,19
663,30
664,24
665,20
666,22
667,31
668,28
669,16
670,26
671,22
672,20
673,16
674,15
675,29
676,28
677,23
678,30
679,23
680,32
681,22
682,34
683,23
684,24
685,26
686,19
687,25
688,20
689,24
690,16
691,28
692,29
693,36
694,26
695,15
696,25
697,19
698,32
699,18
700,28
701,23
702,21
703,21
704,16
705,15
706,29
707,22
708,27
709,19
710,32
711,29
712,33
713,24
714,28
715,15
716,24
717,24
718,25
719,22
720,29
721,18
722,20
723,36
724,23
725,19
726,18
727,19
728,24
729,15
730,26
731,20
732,28
733,26
734,18
735,32
736,32
737,24
738,27
739,30
740,24
741,26
742,37
743,19
744,29
745,29
746,30
747,24
748,16
749,34
750,25
751,21
752,15
753,25
754,15
755,32
756,25
757,23
758,25
759,31
760,22
761,17
762,34
763,24
764,24
765,33
766,37
767,15
768,16
769,17
770,20
771,34
772,32
773,33
774,24
775,32
776,23
777,30
778,30
779,21
780,31
781,26
782,21
783,25
784,29
785,23
786,31
787,24
788,30
789,19
790,36
791,25
792,4
793,29
794,19
795,26
796,36
797,34
798,2
799,20
800,36
801,26
802,23
803,27
804,23
805,26
806,28
807,17
808,23
809,16
810,22
811,26
812,24
813,33
814,40
815,32
816,21
817,25
818,33
819,23
820,44
821,24
822,24
823,24
824,27
825,23
826,27
827,22
828,17
829,16
830,26
831,26
832,35
833,24
834,25
835,33
836,26
837,15
838,27
839,28
840,35
841,23
842,25
843,15
844,29
845,25
846,15
847,32
848,33
849,36
850,24
851,28
852,35
853,19
854,30
855,26
856,27
857,30
858,30
859,30
860,29
861,29
862,24
863,27
864,30
865,45
866,24
867,29
868,16
869,30
870,34
871,33
872,26
873,17
874,15
875,22
876,25
877,23
878,34
879,24
880,32
881,23
882,21
883,23
884,20
885,20
886,16
887,24
888,19
889,30
890,31
891,25
892,31
893,20
894,25
895,15
896,20
897,33
898,32
899,32
900,21
901,23
902,31
903,24
904,19
905,29
906,28
907,38
908,24
909,22
910,20
911,24
912,28
913,25
914,26
915,18
916,16
917,31
918,27
919,15
920,24
921,19
922,32
923,32
924,24
925,20
926,10
927,30
928,16
929,23
930,4
931,25
932,25
933,34
934,29
935,19
936,31
937,29
938,34
939,27
940,29
941,36
942,31
943,23
944,23
945,22
946,23
947,30
948,25
949,25
950,26
951,21
952,28
953,32
954,25
955,44
956,15
957,24
958,23
959,28
960,26
961,25
962,29
963,25
964,29
965,23
966,23
967,23
968,26
969,34
970,27
971,31
972,26
973,27
974,28
975,16
976,28
977,28
978,29
979,34
980,15
981,31
982,19
983,23
984,33
985,26
986,26
987,30
988,15
989,32
990,23
991,25
992,15
993,32
994,24
995,28
996,24
997,16
998,28
999,23
