,gameDuration
0,29
1,15
2,22
3,22
4,29
5,38
6,24
7,31
8,51
9,49
10,31
11,22
12,46
13,30
14,36
15,51
16,21
17,47
18,26
19,34
20,31
21,41
22,39
23,24
24,36
25,37
26,28
27,32
28,27
29,37
30,34
31,27
32,5
33,30
34,16
35,49
36,38
37,23
38,33
39,32
40,38
41,36
42,25
43,28
44,29
45,37
46,34
47,33
48,28
49,17
50,31
51,15
52,28
53,16
54,29
55,34
56,37
57,36
58,32
59,27
60,41
61,22
62,36
63,2
64,20
65,29
66,19
67,39
68,33
69,18
70,30
71,33
72,36
73,28
74,26
75,36
76,35
77,24
78,35
79,29
80,39
81,28
82,25
83,31
84,24
85,15
86,24
87,31
88,5
89,22
90,23
91,38
92,37
93,50
94,29
95,19
96,26
97,30
98,38
99,26
100,39
101,32
102,45
103,2
104,37
105,31
106,34
107,21
108,29
109,29
110,35
111,21
112,23
113,18
114,24
115,25
116,49
117,31
118,18
119,35
120,36
121,32
122,27
123,32
124,42
125,22
126,31
127,29
128,22
129,34
130,23
131,37
132,34
133,15
134,34
135,31
136,31
137,30
138,41
139,30
140,29
141,29
142,36
143,40
144,40
145,43
146,27
147,33
148,25
149,20
150,47
151,31
152,23
153,45
154,29
155,30
156,42
157,49
158,35
159,45
160,28
161,27
162,34
163,26
164,32
165,38
166,41
167,33
168,39
169,29
170,36
171,16
172,31
173,38
174,19
175,29
176,18
177,27
178,35
179,30
180,38
181,33
182,12
183,19
184,28
185,44
186,39
187,35
188,32
189,29
190,27
191,17
192,28
193,2
194,2
195,47
196,27
197,16
198,32
199,2
200,35
201,24
202,26
203,23
204,18
205,30
206,26
207,41
208,34
209,32
210,32
211,33
212,16
213,37
214,2
215,36
216,21
217,39
218,26
219,19
220,24
221,35
222,24
223,50
224,16
225,43
226,34
227,19
228,35
229,31
230,31
231,32
232,36
233,26
234,25
235,24
236,28
237,21
238,38
239,28
240,32
241,42
242,27
243,25
244,30
245,40
246,23
247,22
248,30
249,26
250,24
251,43
252,28
253,9
254,33
255,2
256,39
257,26
258,29
259,24
260,24
261,32
262,31
263,19
264,29
265,35
266,27
267,22
268,23
269,21
270,2
271,28
272,25
273,3
274,36
275,24
276,46
277,36
278,2
279,24
280,28
281,39
282,20
283,25
284,24
285,2
286,31
287,32
288,44
289,31
290,43
291,40
292,32
293,30
294,27
295,32
296,20
297,36
298,27
299,32
300,32
301,24
302,26
303,27
304,23
305,39
306,27
307,37
308,25
309,35
310,19
311,17
312,29
313,27
314,4
315,34
316,16
317,30
318,29
319,32
320,42
321,25
322,30
323,55
324,31
325,31
326,21
327,33
328,42
329,16
330,26
331,28
332,5
333,28
334,19
335,40
336,38
337,24
338,2
339,22
340,40
341,22
342,52
343,39
344,35
345,47
346,2
347,20
348,2
349,27
350,17
351,34
352,20
353,26
354,28
355,31
356,25
357,30
358,28
359,29
360,37
361,32
362,40
363,2
364,38
365,35
366,32
367,37
368,27
369,24
370,30
371,33
372,26
373,39
374,32
375,30
376,20
377,28
378,36
379,18
380,24
381,41
382,25
383,28
384,32
385,2
386,18
387,32
388,23
389,26
390,30
391,32
392,36
393,28
394,21
395,29
396,29
397,26
398,21
399,29
400,38
401,30
402,34
403,39
404,36
405,27
406,32
407,37
408,41
409,33
410,32
411,28
412,39
413,29
414,32
415,16
416,32
417,26
418,25
419,27
420,15
421,42
422,30
423,40
424,21
425,24
426,26
427,43
428,20
429,38
430,33
431,27
432,2
433,33
434,26
435,2
436,31
437,26
438,34
439,32
440,28
441,36
442,40
443,2
444,28
445,29
446,32
447,21
448,37
449,20
450,26
451,26
452,32
453,38
454,26
455,21
456,36
457,15
458,32
459,25
460,31
461,39
462,36
463,26
464,15
465,32
466,30
467,34
468,34
469,29
470,39
471,28
472,51
473,28
474,24
475,2
476,23
477,3
478,25
479,43
480,36
481,30
482,32
483,36
484,27
485,31
486,30
487,16
488,25
489,25
490,26
491,38
492,41
493,21
494,43
495,40
496,30
497,36
498,30
499,35
500,21
501,21
502,26
503,39
504,25
505,22
506,33
507,34
508,26
509,30
510,26
511,2
512,26
513,34
514,22
515,42
516,18
517,29
518,2
519,2
520,37
521,43
522,27
523,20
524,38
525,31
526,27
527,39
528,30
529,28
530,33
531,29
532,29
533,20
534,34
535,26
536,32
537,23
538,32
539,41
540,45
541,3
542,30
543,2
544,34
545,31
546,35
547,21
548,28
549,33
550,15
551,21
552,35
553,37
554,33
555,27
556,16
557,32
558,43
559,37
560,2
561,27
562,29
563,28
564,31
565,29
566,23
567,34
568,19
569,2
570,32
571,32
572,41
573,37
574,29
575,31
576,17
577,2
578,24
579,49
580,29
581,23
582,36
583,44
584,45
585,49
586,45
587,22
588,19
589,33
590,30
591,24
592,32
593,34
594,35
595,36
596,21
597,32
598,20
599,33
600,19
601,25
602,31
603,29
604,36
605,35
606,9
607,41
608,34
609,38
610,38
611,21
612,35
613,28
614,16
615,28
616,39
617,16
618,33
619,31
620,29
621,24
622,2
623,24
624,26
625,29
626,40
627,34
628,28
629,22
630,32
631,29
632,19
633,38
634,20
635,22
636,35
637,31
638,3
639,26
640,23
641,25
642,40
643,32
644,23
645,30
646,47
647,17
648,33
649,41
650,22
651,32
652,54
653,25
654,26
655,24
656,45
657,28
658,22
659,47
660,38
661,35
662,27
663,33
664,29
665,37
666,35
667,24
668,30
669,25
670,32
671,39
672,25
673,29
674,26
675,31
676,34
677,32
678,30
679,26
680,18
681,25
682,34
683,38
684,50
685,41
686,37
687,21
688,16
689,26
690,32
691,39
692,29
693,22
694,21
695,38
696,20
697,42
698,20
699,38
700,35
701,25
702,31
703,28
704,28
705,32
706,32
707,43
708,26
709,29
710,35
711,31
712,23
713,30
714,33
715,19
716,22
717,24
718,40
719,11
720,27
721,32
722,36
723,23
724,40
725,16
726,47
727,31
728,2
729,23
730,19
731,26
732,29
733,52
734,33
735,24
736,33
737,30
738,2
739,16
740,29
741,32
742,35
743,2
744,32
745,21
746,28
747,38
748,29
749,37
750,22
751,59
752,34
753,21
754,34
755,26
756,32
757,29
758,22
759,34
760,47
761,30
762,26
763,5
764,29
765,25
766,18
767,29
768,15
769,28
770,33
771,38
772,26
773,43
774,29
775,37
776,33
777,44
778,40
779,36
780,27
781,33
782,36
783,22
784,13
785,26
786,39
787,42
788,34
789,41
790,31
791,30
792,22
793,35
794,25
795,17
796,25
797,34
798,30
799,31
800,25
801,44
802,40
803,29
804,33
805,31
806,4
807,31
808,34
809,23
810,29
811,15
812,25
813,34
814,32
815,40
816,28
817,22
818,27
819,29
820,37
821,26
822,35
823,18
824,25
825,28
826,31
827,38
828,28
829,28
830,22
831,32
832,48
833,28
834,26
835,25
836,13
837,19
838,32
839,19
840,29
841,32
842,23
843,16
844,31
845,19
846,26
847,24
848,39
849,16
850,37
851,26
852,37
853,27
854,30
855,21
856,40
857,37
858,28
859,26
860,36
861,27
862,33
863,35
864,2
865,32
866,34
867,25
868,45
869,21
870,35
871,31
872,28
873,28
874,27
875,5
876,25
877,27
878,30
879,44
880,33
881,47
882,18
883,40
884,3
885,30
886,34
887,41
888,37
889,22
890,34
891,30
892,25
893,33
894,26
895,34
896,23
897,37
898,39
899,43
900,34
901,26
902,24
903,36
904,35
905,41
906,31
907,31
908,34
909,36
910,23
911,36
912,30
913,30
914,27
915,21
916,20
917,29
918,35
919,35
920,31
921,30
922,45
923,16
924,31
925,31
926,23
927,44
928,31
929,32
930,28
931,19
932,15
933,25
934,23
935,2
936,31
937,38
938,27
939,21
940,30
941,31
942,22
943,37
944,35
945,33
946,20
947,3
948,19
949,29
950,28
951,35
952,34
953,33
954,32
955,16
956,29
957,30
958,38
959,29
960,24
961,24
962,36
963,36
964,32
965,24
966,34
967,39
968,22
969,22
970,35
971,34
972,42
973,47
974,46
975,24
976,25
977,29
978,41
979,18
980,27
981,29
982,21
983,35
984,42
985,24
986,28
987,35
988,27
989,17
990,42
991,36
992,32
993,46
994,46
995,8
996,23
997,27
998,47
999,25
1000,34
1001,41
1002,38
1003,35
1004,2
1005,26
1006,34
1007,49
1008,27
1009,2
1010,3
1011,32
1012,32
1013,29
1014,41
1015,25
1016,23
1017,21
1018,19
1019,31
1020,38
1021,30
1022,28
1023,34
1024,38
1025,43
1026,36
1027,33
1028,36
1029,31
1030,22
1031,34
1032,23
1033,19
1034,31
1035,27
1036,24
1037,36
1038,31
1039,34
1040,26
1041,39
1042,25
1043,28
1044,32
1045,30
1046,37
1047,36
1048,29
1049,21
1050,27
1051,34
1052,28
1053,37
1054,29
1055,33
1056,2
1057,28
1058,35
1059,33
1060,2
1061,44
1062,36
1063,46
1064,40
1065,30
1066,31
1067,21
1068,32
1069,28
1070,24
1071,39
1072,34
1073,15
1074,29
1075,27
1076,40
1077,26
1078,21
1079,35
1080,24
1081,24
1082,15
1083,32
1084,39
1085,25
1086,25
1087,42
1088,16
1089,28
1090,45
1091,30
1092,34
1093,21
1094,42
1095,32
1096,4
1097,34
1098,4
1099,4
1100,32
1101,33
1102,32
1103,31
1104,21
1105,20
1106,32
1107,49
1108,53
1109,18
1110,36
1111,2
1112,35
1113,16
1114,34
1115,51
1116,21
1117,3
1118,29
1119,22
1120,37
1121,29
1122,42
1123,28
1124,15
1125,15
1126,25
1127,17
1128,37
1129,27
1130,23
1131,24
1132,26
1133,36
1134,15
1135,26
1136,28
1137,27
1138,26
1139,35
1140,24
1141,45
1142,32
1143,24
1144,11
1145,35
1146,15
1147,28
1148,25
1149,34
1150,2
1151,29
1152,32
1153,42
1154,29
1155,16
1156,40
1157,30
1158,28
1159,33
1160,32
1161,23
1162,33
1163,32
1164,25
1165,30
1166,43
1167,45
1168,30
1169,20
1170,25
1171,31
1172,19
1173,33
1174,27
1175,36
1176,17
1177,35
1178,15
1179,30
1180,28
1181,36
1182,43
1183,28
1184,27
1185,26
1186,37
1187,33
1188,28
1189,26
1190,29
1191,27
1192,28
1193,44
1194,41
1195,49
1196,30
1197,36
1198,37
1199,34
1200,33
1201,24
1202,39
1203,26
1204,2
1205,33
1206,5
1207,2
1208,32
1209,15
1210,31
1211,38
1212,28
1213,27
1214,34
1215,47
1216,25
1217,53
1218,22
1219,18
1220,27
1221,31
1222,32
1223,20
1224,26
1225,30
1226,26
1227,37
1228,48
1229,20
1230,29
1231,34
1232,19
1233,43
1234,39
1235,24
1236,30
1237,34
1238,30
1239,22
1240,22
1241,39
1242,29
1243,27
1244,37
1245,31
1246,35
1247,38
1248,26
1249,23
1250,31
1251,34
1252,18
1253,23
1254,29
1255,37
1256,26
1257,44
1258,32
1259,24
1260,37
1261,34
1262,30
1263,26
1264,36
1265,25
1266,40
1267,2
1268,49
1269,26
1270,39
1271,25
1272,28
1273,28
1274,23
1275,34
1276,46
1277,40
1278,29
1279,29
1280,18
1281,30
1282,42
1283,30
1284,32
1285,20
1286,39
1287,39
1288,34
1289,24
1290,16
1291,3
1292,57
1293,22
1294,42
1295,24
1296,16
1297,33
1298,28
1299,32
1300,47
1301,2
1302,51
1303,27
1304,2
1305,30
1306,33
1307,27
1308,19
1309,36
1310,23
1311,26
1312,31
1313,30
1314,28
1315,31
1316,25
1317,3
1318,29
1319,20
1320,40
1321,43
1322,25
1323,40
1324,44
1325,31
1326,19
1327,34
1328,31
1329,37
1330,49
1331,38
1332,33
1333,30
1334,32
1335,3
1336,25
1337,24
1338,27
1339,2
1340,30
1341,32
1342,29
1343,32
1344,25
1345,31
1346,31
1347,30
1348,27
1349,26
1350,35
1351,31
1352,15
1353,33
1354,2
1355,29
1356,2
1357,19
1358,29
1359,33
1360,45
1361,33
1362,28
1363,24
1364,28
1365,28
1366,23
1367,21
1368,25
1369,3
1370,25
1371,23
1372,36
1373,29
1374,37
1375,34
1376,27
1377,33
1378,33
1379,2
1380,40
1381,32
1382,33
1383,26
1384,33
1385,19
1386,30
1387,30
1388,32
1389,41
1390,26
1391,2
1392,2
1393,22
1394,26
1395,22
1396,33
1397,32
1398,32
1399,39
1400,26
1401,27
1402,19
1403,35
1404,16
1405,24
1406,22
1407,36
1408,29
1409,26
1410,17
1411,36
1412,25
1413,33
1414,35
1415,31
1416,27
1417,31
1418,22
1419,28
1420,29
1421,28
1422,33
1423,41
1424,41
1425,36
1426,24
1427,36
1428,36
1429,19
1430,38
1431,32
1432,40
1433,35
1434,27
1435,28
1436,27
1437,49
1438,28
1439,37
1440,2
1441,37
1442,29
1443,32
1444,29
1445,22
1446,22
1447,44
1448,45
1449,27
1450,38
1451,39
1452,29
1453,26
1454,22
1455,32
1456,40
1457,32
1458,38
1459,34
1460,29
1461,33
1462,32
1463,28
1464,18
1465,35
1466,26
1467,19
1468,30
1469,3
1470,27
1471,30
1472,17
1473,33
1474,42
1475,20
1476,32
1477,17
1478,36
1479,2
1480,22
1481,29
1482,19
1483,35
1484,44
1485,30
1486,42
1487,29
1488,35
1489,42
1490,33
1491,33
1492,31
1493,16
1494,28
1495,24
1496,27
1497,33
1498,26
1499,32
1500,19
1501,19
1502,31
1503,4
1504,39
1505,48
1506,40
1507,26
1508,46
1509,36
1510,45
1511,35
1512,28
1513,45
1514,13
1515,31
1516,33
1517,23
1518,41
1519,26
1520,41
1521,35
1522,26
1523,2
1524,40
1525,22
1526,25
1527,26
1528,24
1529,31
1530,19
1531,27
1532,24
1533,32
1534,19
1535,23
1536,16
1537,25
1538,29
1539,45
1540,15
1541,26
1542,35
1543,34
1544,34
1545,35
1546,38
1547,19
1548,30
1549,28
1550,36
1551,20
1552,25
1553,27
1554,35
1555,31
1556,35
1557,24
1558,29
1559,49
1560,30
1561,47
1562,29
1563,20
1564,15
1565,38
1566,16
1567,21
1568,29
1569,34
1570,18
1571,24
1572,27
1573,42
1574,32
1575,34
1576,25
1577,16
1578,29
1579,28
1580,39
1581,35
1582,31
1583,29
1584,26
1585,36
1586,21
1587,34
1588,25
1589,43
1590,23
1591,31
1592,24
1593,40
1594,24
1595,24
1596,29
1597,25
1598,22
1599,28
1600,37
1601,40
1602,29
1603,3
1604,29
1605,25
1606,30
1607,22
1608,40
1609,8
1610,29
1611,2
1612,16
1613,28
1614,24
1615,32
1616,27
1617,40
1618,34
1619,21
1620,26
1621,22
1622,39
1623,22
1624,36
1625,33
1626,33
1627,31
1628,34
1629,36
1630,22
1631,15
1632,45
1633,15
1634,34
1635,41
1636,33
1637,26
1638,31
1639,17
1640,29
1641,28
1642,34
1643,26
1644,23
1645,32
1646,14
1647,2
1648,30
1649,21
1650,29
1651,29
1652,25
1653,2
1654,43
1655,26
1656,30
1657,28
1658,27
1659,27
1660,29
1661,24
1662,24
1663,33
1664,31
1665,44
1666,28
1667,27
1668,41
1669,29
1670,37
1671,26
1672,2
1673,40
1674,2
1675,2
1676,34
1677,25
1678,32
1679,23
1680,31
1681,2
1682,2
1683,2
1684,27
1685,15
1686,26
1687,47
1688,2
1689,4
1690,21
1691,31
1692,21
1693,7
1694,23
1695,28
1696,35
1697,17
1698,30
1699,37
1700,10
1701,37
1702,20
1703,29
1704,31
1705,29
1706,22
1707,27
1708,36
1709,32
1710,30
1711,33
1712,2
1713,30
1714,21
1715,4
1716,37
1717,26
1718,31
1719,23
1720,29
1721,30
1722,21
1723,29
1724,36
1725,2
1726,31
1727,26
1728,31
1729,30
1730,22
1731,27
1732,31
1733,38
1734,38
1735,34
1736,30
1737,16
1738,33
1739,31
1740,34
1741,35
1742,29
1743,27
1744,30
1745,29
1746,29
1747,28
1748,53
1749,45
1750,29
1751,27
1752,29
1753,25
1754,27
1755,29
1756,2
1757,48
1758,30
1759,26
1760,31
1761,32
1762,26
1763,38
1764,33
1765,32
1766,18
1767,16
1768,22
1769,39
1770,27
1771,24
1772,4
1773,24
1774,26
1775,43
1776,20
1777,32
1778,38
1779,25
1780,31
1781,34
1782,30
1783,29
1784,28
1785,35
1786,37
1787,52
1788,26
1789,2
1790,33
1791,36
1792,33
1793,41
1794,16
1795,40
1796,20
1797,16
1798,26
1799,16
1800,38
1801,39
1802,37
1803,2
1804,33
1805,33
1806,33
1807,25
1808,19
1809,32
1810,43
1811,37
1812,23
1813,25
1814,39
1815,36
1816,43
1817,20
1818,23
1819,31
1820,25
1821,51
1822,39
1823,28
1824,38
1825,40
1826,2
1827,29
1828,29
1829,25
1830,24
1831,29
1832,28
1833,24
1834,57
1835,28
1836,35
1837,26
1838,20
1839,39
1840,38
1841,28
1842,30
1843,41
1844,26
1845,29
1846,30
1847,25
1848,24
1849,29
1850,43
1851,14
1852,29
1853,22
1854,38
1855,26
1856,20
1857,20
1858,33
1859,2
1860,31
1861,29
1862,21
1863,29
1864,42
1865,38
1866,30
1867,18
1868,30
1869,22
1870,43
1871,32
1872,3
1873,15
1874,33
1875,33
1876,30
1877,26
1878,28
1879,29
1880,26
1881,36
1882,27
1883,39
1884,34
1885,24
1886,37
1887,34
1888,26
1889,50
1890,23
1891,35
1892,2
1893,33
1894,48
1895,20
1896,30
1897,2
1898,46
1899,28
1900,29
1901,41
1902,36
1903,33
1904,26
1905,44
1906,22
1907,23
1908,19
1909,2
1910,30
1911,32
1912,26
1913,23
1914,28
1915,31
1916,34
1917,29
1918,10
1919,36
1920,34
1921,26
1922,36
1923,49
1924,26
1925,22
1926,38
1927,23
1928,23
1929,34
1930,27
1931,25
1932,40
1933,26
1934,20
1935,33
1936,41
1937,22
1938,33
1939,18
1940,37
1941,27
1942,23
1943,28
1944,42
1945,50
1946,19
1947,27
1948,3
1949,3
1950,34
1951,41
1952,35
1953,36
1954,39
1955,30
1956,31
1957,28
1958,33
1959,40
1960,29
1961,26
1962,34
1963,26
1964,28
1965,34
1966,19
1967,43
1968,40
1969,29
1970,31
1971,34
1972,32
1973,33
1974,42
1975,2
1976,32
1977,33
1978,27
1979,32
1980,24
1981,24
1982,38
1983,30
1984,21
1985,23
1986,33
1987,28
1988,42
1989,44
1990,31
1991,16
1992,39
1993,43
1994,40
1995,38
1996,40
1997,36
1998,35
1999,38
2000,34
2001,39
2002,37
2003,29
2004,29
2005,24
2006,16
2007,27
2008,32
2009,32
2010,27
2011,35
2012,24
2013,23
2014,44
2015,26
2016,25
2017,28
2018,2
2019,25
2020,23
2021,33
2022,15
2023,30
2024,43
2025,45
2026,39
2027,19
2028,36
2029,26
2030,15
2031,31
2032,31
2033,2
2034,39
2035,35
2036,24
2037,29
2038,15
2039,40
2040,35
2041,34
2042,28
2043,43
2044,2
2045,3
2046,24
2047,2
2048,42
2049,37
2050,29
2051,24
2052,26
2053,33
2054,29
2055,36
2056,48
2057,38
2058,30
2059,30
2060,33
2061,24
2062,27
2063,31
2064,41
2065,37
2066,43
2067,31
2068,39
2069,28
2070,26
2071,26
2072,29
2073,20
2074,36
2075,38
2076,26
2077,26
2078,26
2079,38
2080,27
2081,2
2082,31
2083,2
2084,32
2085,29
2086,26
2087,26
2088,41
2089,23
2090,26
2091,28
2092,17
2093,38
2094,16
2095,34
2096,44
2097,27
2098,25
2099,16
2100,23
2101,34
2102,16
2103,36
2104,24
2105,35
2106,28
2107,21
2108,27
2109,38
2110,23
2111,28
2112,35
2113,48
2114,28
2115,40
2116,34
2117,23
2118,31
2119,20
2120,40
2121,21
2122,16
2123,39
2124,21
2125,34
2126,32
2127,28
2128,25
2129,25
2130,29
2131,37
2132,47
2133,26
2134,27
2135,21
2136,20
2137,18
2138,24
2139,18
2140,42
2141,36
2142,26
2143,45
2144,18
2145,36
2146,32
2147,27
2148,30
2149,27
2150,43
2151,26
2152,2
2153,22
2154,33
2155,31
2156,2
2157,26
2158,15
2159,26
2160,22
2161,29
2162,30
2163,2
2164,28
2165,23
2166,16
2167,25
2168,36
2169,21
2170,6
2171,33
2172,32
2173,25
2174,24
2175,33
2176,26
2177,28
2178,20
2179,19
2180,27
2181,13
2182,22
2183,32
2184,25
2185,2
2186,18
2187,3
2188,2
2189,2
2190,28
2191,36
2192,33
2193,36
2194,24
2195,19
2196,26
2197,27
2198,47
2199,25
2200,24
2201,41
2202,34
2203,31
2204,34
2205,28
2206,22
2207,39
2208,30
2209,42
2210,24
2211,28
2212,44
2213,30
2214,27
2215,36
2216,29
2217,22
2218,35
2219,22
2220,40
2221,25
2222,31
2223,30
2224,48
2225,33
2226,44
2227,43
2228,23
2229,21
2230,37
2231,45
2232,31
2233,35
2234,39
2235,20
2236,31
2237,21
2238,2
2239,33
2240,28
2241,44
2242,31
2243,26
2244,38
2245,42
2246,35
2247,28
2248,10
2249,29
2250,30
2251,41
2252,30
2253,25
2254,25
2255,36
2256,35
2257,43
2258,27
2259,40
2260,27
2261,27
2262,30
2263,34
2264,35
2265,34
2266,30
2267,35
2268,30
2269,31
2270,27
2271,28
2272,44
2273,30
2274,28
2275,31
2276,23
2277,2
2278,41
2279,20
2280,28
2281,36
2282,30
2283,26
2284,52
2285,32
2286,23
2287,39
2288,34
2289,30
2290,30
2291,27
2292,41
2293,32
2294,30
2295,32
2296,36
2297,24
2298,26
2299,40
2300,25
2301,24
2302,30
2303,42
2304,35
2305,36
2306,32
2307,26
2308,16
2309,22
2310,35
2311,43
2312,4
2313,31
2314,27
2315,29
2316,32
2317,35
2318,25
2319,26
2320,40
2321,27
2322,39
2323,36
2324,2
2325,29
2326,25
2327,32
2328,22
2329,33
2330,15
2331,23
2332,28
2333,36
2334,26
2335,32
2336,38
2337,33
2338,35
2339,46
2340,49
2341,26
2342,26
2343,28
2344,44
2345,24
2346,32
2347,17
2348,29
2349,37
2350,36
2351,2
2352,3
2353,32
2354,25
2355,28
2356,32
2357,20
2358,33
2359,38
2360,32
2361,28
2362,35
2363,24
2364,15
2365,31
2366,40
2367,34
2368,2
2369,22
2370,34
2371,34
2372,41
2373,28
2374,30
2375,28
2376,22
2377,31
2378,28
2379,20
2380,3
2381,62
2382,16
2383,15
2384,46
2385,30
2386,27
2387,26
2388,27
2389,36
2390,36
2391,31
2392,2
2393,27
2394,26
2395,47
2396,15
2397,34
2398,21
2399,16
2400,32
2401,39
2402,29
2403,24
2404,31
2405,32
2406,28
2407,18
2408,34
2409,23
2410,21
2411,35
2412,29
2413,25
2414,29
2415,33
2416,28
2417,2
2418,26
2419,34
2420,43
2421,15
2422,49
2423,31
2424,36
2425,25
2426,30
2427,18
2428,28
2429,30
2430,43
2431,34
2432,2
2433,27
2434,28
2435,29
2436,2
2437,41
2438,2
2439,49
2440,47
2441,29
2442,34
2443,35
2444,41
2445,30
2446,31
2447,34
2448,30
2449,40
2450,47
2451,33
2452,29
2453,39
2454,15
2455,24
2456,31
2457,16
2458,29
2459,17
2460,34
2461,32
2462,32
2463,26
2464,34
2465,28
2466,25
2467,29
2468,32
2469,33
2470,29
2471,40
2472,31
2473,31
2474,2
2475,2
2476,26
2477,19
2478,37
2479,34
2480,31
2481,28
2482,36
2483,27
2484,27
2485,30
2486,2
2487,33
2488,28
2489,36
2490,31
2491,17
2492,35
2493,35
2494,30
2495,45
2496,23
2497,34
2498,34
2499,24
2500,31
2501,29
2502,29
2503,35
2504,22
2505,21
2506,45
2507,38
2508,49
2509,30
2510,22
2511,26
2512,49
2513,16
2514,28
2515,34
2516,20
2517,26
2518,15
2519,39
2520,30
2521,30
2522,18
2523,21
2524,26
2525,35
2526,32
2527,26
2528,35
2529,51
2530,55
2531,30
2532,24
2533,34
2534,30
2535,2
2536,35
2537,51
2538,3
2539,34
2540,25
2541,15
2542,35
2543,27
2544,28
2545,42
2546,29
2547,2
2548,26
2549,38
2550,28
2551,28
2552,32
2553,33
2554,25
2555,4
2556,40
2557,44
2558,35
2559,27
2560,47
2561,23
2562,29
2563,30
2564,2
2565,34
2566,31
2567,17
2568,19
2569,46
2570,29
2571,20
2572,40
2573,40
2574,21
2575,29
2576,25
2577,36
2578,46
2579,17
2580,31
2581,2
2582,39
2583,31
2584,22
2585,37
2586,19
2587,19
2588,26
2589,24
2590,24
2591,34
2592,19
2593,24
2594,29
2595,30
2596,27
2597,47
2598,29
2599,24
2600,30
2601,31
2602,25
2603,14
2604,26
2605,2
2606,47
2607,38
2608,25
2609,29
2610,33
2611,34
2612,22
2613,16
2614,34
2615,24
2616,35
2617,18
2618,25
2619,38
2620,13
2621,19
2622,24
2623,29
2624,29
2625,22
2626,29
2627,35
2628,37
2629,24
2630,13
2631,40
2632,26
2633,26
2634,27
2635,49
2636,37
2637,26
2638,33
2639,40
2640,27
2641,27
2642,2
2643,28
2644,43
2645,20
2646,39
2647,20
2648,37
2649,21
2650,16
2651,46
2652,35
2653,42
2654,24
2655,31
2656,35
2657,35
2658,20
2659,30
2660,33
2661,42
2662,24
2663,19
2664,20
2665,25
2666,24
2667,32
2668,44
2669,15
2670,31
2671,34
2672,27
2673,37
2674,31
2675,31
2676,25
2677,27
2678,37
2679,26
2680,34
2681,40
2682,24
2683,40
2684,38
2685,15
2686,39
2687,27
2688,32
2689,32
2690,22
2691,31
2692,21
2693,21
2694,19
2695,28
2696,48
2697,33
2698,37
2699,6
2700,23
2701,2
2702,32
2703,24
2704,35
2705,25
2706,31
2707,30
2708,26
2709,36
2710,35
2711,33
2712,25
2713,33
2714,42
2715,36
2716,27
2717,37
2718,27
2719,2
2720,36
2721,28
2722,35
2723,16
2724,33
2725,26
2726,19
2727,3
2728,17
2729,4
2730,28
2731,34
2732,31
2733,31
2734,25
2735,45
2736,45
2737,39
2738,29
2739,16
2740,35
2741,18
2742,20
2743,35
2744,37
2745,18
2746,53
2747,32
2748,30
2749,2
2750,21
2751,44
2752,32
2753,36
2754,31
2755,24
2756,24
2757,27
2758,15
2759,21
2760,44
2761,2
2762,38
2763,2
2764,37
2765,27
2766,22
2767,22
2768,36
2769,30
2770,31
2771,29
2772,27
2773,28
2774,33
2775,41
2776,40
2777,36
2778,24
2779,36
2780,31
2781,22
2782,27
2783,23
2784,5
2785,53
2786,30
2787,38
2788,29
2789,26
2790,28
2791,38
2792,30
2793,38
2794,2
2795,29
2796,34
2797,33
2798,28
2799,37
2800,21
2801,37
2802,50
2803,41
2804,34
2805,25
2806,16
2807,37
2808,51
2809,27
2810,38
2811,29
2812,23
2813,33
2814,43
2815,39
2816,32
2817,8
2818,41
2819,36
2820,2
2821,27
2822,24
2823,29
2824,30
2825,36
2826,29
2827,24
2828,28
2829,44
2830,27
2831,35
2832,48
2833,17
2834,30
2835,38
2836,20
2837,32
2838,28
2839,39
2840,44
2841,45
2842,41
2843,19
2844,36
2845,16
2846,21
2847,2
2848,41
2849,31
2850,33
2851,31
2852,26
2853,37
2854,25
2855,30
2856,30
2857,27
2858,36
2859,41
2860,23
2861,26
2862,18
2863,28
2864,30
2865,40
2866,30
2867,41
2868,41
2869,40
2870,41
2871,29
2872,24
2873,28
2874,27
2875,30
2876,27
2877,27
2878,32
2879,41
2880,29
2881,43
2882,16
2883,27
2884,31
2885,45
2886,15
2887,16
2888,30
2889,37
2890,18
2891,27
2892,26
2893,34
2894,33
2895,25
2896,26
2897,30
2898,19
2899,10
2900,24
2901,25
2902,16
2903,32
2904,2
2905,21
2906,30
2907,41
2908,30
2909,33
2910,39
2911,24
2912,26
2913,40
2914,38
2915,36
2916,31
2917,2
2918,27
2919,24
2920,25
2921,35
2922,39
2923,35
2924,31
2925,33
2926,33
2927,38
2928,21
2929,44
2930,26
2931,31
2932,26
2933,31
2934,24
2935,20
2936,16
2937,36
2938,26
2939,29
2940,36
2941,28
2942,52
2943,25
2944,31
2945,26
2946,32
2947,32
2948,33
2949,15
2950,36
2951,36
2952,36
2953,35
2954,26
2955,27
2956,41
2957,29
2958,37
2959,20
2960,39
2961,2
2962,35
2963,2
2964,38
2965,26
2966,27
2967,34
2968,16
2969,36
2970,25
2971,30
2972,26
2973,42
2974,33
2975,34
2976,45
2977,23
2978,15
2979,49
2980,42
2981,31
2982,24
2983,30
2984,34
2985,31
2986,36
2987,43
2988,21
2989,32
2990,29
2991,22
2992,30
2993,36
2994,44
2995,35
2996,24
2997,40
2998,28
2999,30
3000,18
3001,31
3002,36
3003,22
3004,46
3005,37
3006,23
3007,15
3008,26
3009,29
3010,45
3011,18
3012,29
3013,32
3014,38
3015,26
3016,22
3017,5
3018,51
3019,13
3020,21
3021,25
3022,20
3023,2
3024,22
3025,17
3026,34
3027,41
3028,18
3029,37
3030,26
3031,37
3032,26
3033,40
3034,28
3035,32
3036,20
3037,30
3038,41
3039,29
3040,32
3041,27
3042,32
3043,28
3044,2
3045,37
3046,29
3047,32
3048,21
3049,30
3050,35
3051,28
3052,34
3053,23
3054,23
3055,32
3056,33
3057,2
3058,34
3059,33
3060,27
3061,23
3062,28
3063,31
3064,26
3065,19
3066,17
3067,16
3068,20
3069,15
3070,2
3071,24
3072,33
3073,28
3074,38
3075,36
3076,22
3077,26
3078,36
3079,25
3080,28
3081,17
3082,43
3083,36
3084,45
3085,41
3086,28
3087,41
3088,19
3089,38
3090,27
3091,24
3092,24
3093,32
3094,39
3095,3
3096,29
3097,39
3098,27
3099,39
3100,37
3101,19
3102,30
3103,38
3104,34
3105,31
3106,26
3107,16
3108,23
3109,42
3110,2
3111,5
3112,6
3113,16
3114,5
3115,48
3116,31
3117,30
3118,25
3119,24
3120,46
3121,51
3122,46
3123,29
3124,51
3125,37
3126,23
3127,22
3128,32
3129,24
3130,33
3131,28
3132,25
3133,2
3134,28
3135,40
3136,3
3137,16
3138,23
3139,27
3140,48
3141,46
3142,37
3143,29
3144,31
3145,30
3146,3
3147,35
3148,29
3149,36
3150,43
3151,27
3152,25
3153,42
3154,24
3155,29
3156,28
3157,42
3158,33
3159,42
3160,16
3161,27
3162,25
3163,34
3164,31
3165,28
3166,2
3167,33
3168,27
3169,26
3170,36
3171,23
3172,47
3173,28
3174,47
3175,16
3176,25
3177,20
3178,18
3179,21
3180,31
3181,2
3182,38
3183,33
3184,24
3185,27
3186,27
3187,41
3188,32
3189,33
3190,36
3191,40
3192,33
3193,28
3194,3
3195,34
3196,29
3197,31
3198,31
3199,48
3200,39
3201,25
3202,40
3203,39
3204,19
3205,35
3206,37
3207,36
3208,40
3209,27
3210,25
3211,24
3212,28
3213,25
3214,35
3215,40
3216,20
3217,19
3218,32
3219,20
3220,20
3221,21
3222,33
3223,24
3224,36
3225,18
3226,37
3227,38
3228,27
3229,25
3230,44
3231,34
3232,3
3233,24
3234,29
3235,29
3236,37
3237,26
3238,32
3239,20
3240,26
3241,38
3242,37
3243,25
3244,28
3245,33
3246,41
3247,43
3248,28
3249,35
3250,35
3251,2
3252,30
3253,28
3254,18
3255,30
3256,24
3257,20
3258,20
3259,21
3260,34
3261,38
3262,30
3263,15
3264,30
3265,47
3266,16
3267,37
3268,21
3269,25
3270,46
3271,21
3272,16
3273,27
3274,2
3275,4
3276,12
3277,4
3278,16
3279,4
3280,30
3281,33
3282,26
3283,18
3284,30
3285,15
3286,36
3287,27
3288,34
3289,22
3290,22
3291,41
3292,40
3293,19
3294,33
3295,39
3296,31
3297,15
3298,25
3299,41
3300,30
3301,42
3302,17
3303,33
3304,30
3305,36
3306,35
3307,29
3308,32
3309,23
3310,33
3311,45
3312,16
3313,30
3314,30
3315,34
3316,37
3317,2
3318,24
3319,37
3320,25
3321,30
3322,24
3323,32
3324,15
3325,47
3326,2
3327,22
3328,37
3329,27
3330,35
3331,51
3332,36
3333,28
3334,36
3335,30
3336,35
3337,38
3338,37
3339,37
3340,2
3341,34
3342,43
3343,32
3344,30
3345,37
3346,52
3347,26
3348,39
3349,25
3350,36
3351,15
3352,28
3353,47
3354,32
3355,30
3356,16
3357,31
3358,20
3359,34
3360,24
3361,2
3362,33
3363,5
3364,29
3365,29
3366,28
3367,28
3368,27
3369,4
3370,33
3371,24
3372,28
3373,32
3374,10
3375,25
3376,39
3377,40
3378,30
3379,26
3380,39
3381,39
3382,32
3383,35
3384,29
3385,2
3386,29
3387,37
3388,38
3389,27
3390,34
3391,21
3392,26
3393,34
3394,27
3395,31
3396,21
3397,35
3398,38
3399,23
3400,28
3401,2
3402,23
3403,20
3404,16
3405,23
3406,32
3407,24
3408,2
3409,27
3410,15
3411,25
3412,46
3413,20
3414,2
3415,29
3416,27
3417,32
3418,36
3419,27
3420,28
3421,27
3422,28
3423,4
3424,34
3425,44
3426,31
3427,28
3428,16
3429,29
3430,35
3431,25
3432,40
3433,21
3434,28
3435,25
3436,32
3437,27
3438,44
3439,35
3440,30
3441,31
3442,23
3443,30
3444,26
3445,26
3446,32
3447,27
3448,22
3449,34
3450,45
3451,21
3452,2
3453,25
3454,28
3455,22
3456,22
3457,37
3458,26
3459,35
3460,39
3461,35
3462,22
3463,30
3464,34
3465,35
3466,24
3467,29
3468,40
3469,3
3470,43
3471,32
3472,31
3473,26
3474,2
3475,30
3476,4
3477,31
3478,34
3479,45
3480,37
3481,19
3482,24
3483,36
3484,35
3485,35
3486,25
3487,35
3488,36
3489,18
3490,39
3491,35
3492,32
3493,24
3494,2
3495,23
3496,2
3497,27
3498,28
3499,15
3500,47
3501,42
3502,26
3503,28
3504,32
3505,23
3506,10
3507,34
3508,38
3509,40
3510,30
3511,37
3512,39
3513,29
3514,30
3515,11
3516,20
3517,29
3518,32
3519,29
3520,24
3521,22
3522,20
3523,31
3524,21
3525,23
3526,40
3527,2
3528,36
3529,43
3530,16
3531,30
3532,34
3533,30
3534,33
3535,34
3536,30
3537,6
3538,33
3539,12
3540,17
3541,36
3542,24
3543,32
3544,32
3545,2
3546,16
3547,4
3548,35
3549,26
3550,27
3551,30
3552,48
3553,34
3554,36
3555,50
3556,22
3557,28
3558,38
3559,37
3560,36
3561,29
3562,25
3563,25
3564,22
3565,22
3566,39
3567,17
3568,26
3569,40
3570,18
3571,16
3572,36
3573,29
3574,43
3575,37
3576,33
3577,23
3578,2
3579,32
3580,3
3581,27
3582,31
3583,31
3584,20
3585,18
3586,17
3587,20
3588,28
3589,9
3590,47
3591,39
3592,38
3593,32
3594,25
3595,24
3596,43
3597,30
3598,54
3599,28
3600,2
3601,31
3602,34
3603,31
3604,30
3605,21
3606,30
3607,30
3608,38
3609,38
3610,23
3611,20
3612,29
3613,33
3614,31
3615,16
3616,35
3617,30
3618,20
3619,38
3620,22
3621,23
3622,47
3623,29
3624,25
3625,36
3626,31
3627,31
3628,30
3629,44
3630,32
3631,29
3632,40
3633,36
3634,34
3635,27
3636,27
3637,34
3638,4
3639,23
3640,45
3641,34
3642,32
3643,29
3644,28
3645,29
3646,20
3647,23
3648,24
3649,32
3650,29
3651,41
3652,31
3653,30
3654,28
3655,24
3656,8
3657,28
3658,35
3659,30
3660,29
3661,41
3662,34
3663,36
3664,45
3665,26
3666,28
3667,27
3668,29
3669,31
3670,35
3671,16
3672,38
3673,28
3674,35
3675,23
3676,22
3677,35
3678,34
3679,35
3680,26
3681,33
3682,36
3683,15
3684,20
3685,36
3686,29
3687,34
3688,30
3689,32
3690,38
3691,45
3692,34
3693,36
3694,28
3695,33
3696,18
3697,24
3698,14
3699,29
3700,38
3701,4
3702,36
3703,19
3704,21
3705,33
3706,27
3707,15
3708,25
3709,32
3710,33
3711,26
3712,34
3713,22
3714,35
3715,44
3716,28
3717,30
3718,35
3719,2
3720,30
3721,29
3722,29
3723,26
3724,40
3725,25
3726,22
3727,30
3728,2
3729,22
3730,39
3731,39
3732,27
3733,39
3734,30
3735,24
3736,2
3737,4
3738,4
3739,4
3740,39
3741,30
3742,28
3743,3
3744,2
3745,27
3746,34
3747,4
3748,32
3749,37
3750,40
3751,38
3752,39
3753,29
3754,24
3755,21
3756,36
3757,29
3758,28
3759,40
3760,32
3761,22
3762,21
3763,33
3764,42
3765,24
3766,39
3767,35
3768,42
3769,29
3770,39
3771,35
3772,31
3773,29
3774,30
3775,31
3776,30
3777,29
3778,33
3779,29
3780,23
3781,27
3782,33
3783,32
3784,20
3785,18
3786,31
3787,32
3788,47
3789,28
3790,16
3791,45
3792,26
3793,26
3794,38
3795,23
3796,28
3797,19
3798,27
3799,23
3800,28
3801,37
3802,22
3803,11
3804,26
3805,32
3806,35
3807,31
3808,40
3809,33
3810,19
3811,24
3812,37
3813,40
3814,32
3815,25
3816,24
3817,22
3818,23
3819,23
3820,26
3821,38
3822,37
3823,32
3824,39
3825,45
3826,39
3827,30
3828,19
3829,31
3830,40
3831,22
3832,40
3833,22
3834,36
3835,30
3836,30
3837,27
3838,33
3839,22
3840,37
3841,41
3842,37
3843,42
3844,27
3845,24
3846,31
3847,34
3848,39
3849,31
3850,25
3851,25
3852,15
3853,39
3854,44
3855,23
3856,16
3857,6
3858,31
3859,24
3860,36
3861,16
3862,25
3863,23
3864,32
3865,31
3866,20
3867,27
3868,30
3869,44
3870,22
3871,22
3872,28
3873,28
3874,40
3875,17
3876,26
3877,34
3878,30
3879,36
3880,15
3881,15
3882,18
3883,18
3884,17
3885,31
3886,29
3887,24
3888,37
3889,44
3890,38
3891,16
3892,4
3893,37
3894,21
3895,30
3896,30
3897,25
3898,28
3899,18
3900,31
3901,43
3902,36
3903,28
3904,25
3905,37
3906,41
3907,5
3908,30
3909,35
3910,27
3911,35
3912,28
3913,29
3914,30
3915,19
3916,17
3917,46
3918,32
3919,53
3920,29
3921,33
3922,33
3923,2
3924,24
3925,42
3926,31
3927,38
3928,25
3929,30
3930,32
3931,4
3932,26
3933,2
3934,28
3935,4
3936,16
3937,4
3938,4
3939,15
3940,23
3941,34
3942,29
3943,23
3944,44
3945,28
3946,29
3947,27
3948,24
3949,30
3950,20
3951,2
3952,40
3953,26
3954,30
3955,48
3956,31
3957,27
3958,25
3959,34
3960,23
3961,41
3962,30
3963,35
3964,17
3965,34
3966,22
3967,3
3968,2
3969,24
3970,33
3971,13
3972,29
3973,32
3974,22
3975,37
3976,23
3977,24
3978,34
3979,42
3980,28
3981,32
3982,26
3983,26
3984,30
3985,31
3986,23
3987,33
3988,20
3989,38
3990,10
3991,5
3992,5
3993,4
3994,5
3995,29
3996,45
3997,29
3998,43
3999,29
