,gameDuration
0,36
1,16
2,23
3,33
4,29
5,26
6,35
7,28
8,35
9,33
10,25
11,31
12,35
13,33
14,34
15,34
16,30
17,29
18,24
19,27
20,17
21,45
22,25
23,25
24,32
25,19
26,23
27,25
28,24
29,25
30,35
31,25
32,24
33,18
34,28
35,19
36,16
37,28
38,23
39,25
40,33
41,24
42,24
43,17
44,24
45,28
46,31
47,29
48,20
49,19
50,32
51,34
52,37
53,25
54,33
55,16
56,29
57,15
58,35
59,26
60,32
61,26
62,29
63,20
64,37
65,25
66,29
67,28
68,39
69,28
70,27
71,40
72,33
73,24
74,24
75,29
76,36
77,25
78,28
79,31
80,24
81,29
82,39
83,32
84,25
85,43
86,21
87,25
88,29
89,33
90,31
91,24
92,25
93,23
94,28
95,27
96,33
97,30
98,22
99,24
100,33
101,30
102,16
103,19
104,23
105,24
106,28
107,34
108,29
109,27
110,29
111,33
112,25
113,48
114,24
115,9
116,43
117,25
118,27
119,15
120,34
121,25
122,33
123,31
124,27
125,24
126,37
127,18
128,19
129,22
130,23
131,38
132,29
133,27
134,30
135,28
136,37
137,25
138,24
139,27
140,19
141,23
142,22
143,16
144,24
145,30
146,24
147,32
148,25
149,31
150,25
151,24
152,28
153,33
154,28
155,16
156,16
157,23
158,33
159,43
160,25
161,30
162,48
163,34
164,23
165,25
166,30
167,26
168,23
169,27
170,27
171,27
172,28
173,31
174,41
175,31
176,26
177,25
178,25
179,22
180,28
181,33
182,24
183,18
184,30
185,27
186,31
187,31
188,34
189,31
190,32
191,18
192,34
193,31
194,31
195,25
196,19
197,15
198,36
199,39
200,19
201,25
202,29
203,26
204,15
205,32
206,32
207,32
208,28
209,35
210,26
211,40
212,26
213,30
214,35
215,27
216,16
217,19
218,32
219,29
220,20
221,26
222,34
223,29
224,32
225,25
226,17
227,22
228,9
229,26
230,15
231,26
232,36
233,29
234,31
235,31
236,18
237,32
238,30
239,23
240,26
241,37
242,28
243,25
244,43
245,28
246,16
247,25
248,33
249,19
250,31
251,31
252,23
253,27
254,28
255,32
256,33
257,36
258,27
259,30
260,28
261,37
262,22
263,23
264,39
265,30
266,22
267,28
268,19
269,28
270,21
271,33
272,21
273,29
274,32
275,29
276,17
277,2
278,27
279,27
280,20
281,30
282,24
283,27
284,29
285,26
286,20
287,28
288,31
289,26
290,34
291,29
292,29
293,2
294,25
295,22
296,16
297,22
298,29
299,34
300,26
301,26
302,23
303,28
304,38
305,32
306,22
307,35
308,23
309,28
310,32
311,32
312,32
313,39
314,21
315,22
316,24
317,16
318,28
319,35
320,25
321,27
322,32
323,29
324,32
325,25
326,29
327,35
328,25
329,39
330,28
331,25
332,40
333,22
334,36
335,28
336,27
337,32
338,22
339,24
340,31
341,33
342,38
343,25
344,15
345,25
346,45
347,27
348,22
349,29
350,31
351,25
352,29
353,26
354,22
355,24
356,29
357,33
358,29
359,23
360,16
361,23
362,31
363,19
364,21
365,40
366,27
367,30
368,21
369,23
370,33
371,29
372,24
373,26
374,34
375,28
376,30
377,39
378,24
379,29
380,32
381,32
382,22
383,24
384,32
385,25
386,21
387,25
388,30
389,22
390,31
391,26
392,27
393,16
394,26
395,37
396,29
397,24
398,14
399,29
400,25
401,20
402,24
403,29
404,24
405,2
406,28
407,25
408,26
409,16
410,23
411,30
412,29
413,35
414,28
415,20
416,36
417,30
418,35
419,28
420,35
421,35
422,25
423,32
424,28
425,30
426,25
427,31
428,22
429,16
430,27
431,34
432,25
433,2
434,22
435,24
436,28
437,29
438,31
439,28
440,29
441,34
442,35
443,27
444,15
445,19
446,21
447,31
448,24
449,24
450,30
451,29
452,28
453,31
454,35
455,26
456,27
457,32
458,22
459,33
460,11
461,16
462,28
463,39
464,27
465,26
466,22
467,16
468,28
469,23
470,23
471,29
472,17
473,35
474,29
475,24
476,30
477,14
478,15
479,31
480,29
481,28
482,29
483,19
484,28
485,38
486,33
487,42
488,31
489,37
490,30
491,25
492,31
493,21
494,24
495,20
496,22
497,24
498,48
499,22
500,37
501,24
502,38
503,43
504,21
505,23
506,26
507,21
508,15
509,15
510,16
511,32
512,20
513,30
514,28
515,24
516,33
517,25
518,30
519,26
520,30
521,2
522,15
523,27
524,15
525,29
526,24
527,20
528,40
529,32
530,23
531,25
532,27
533,39
534,21
535,27
536,30
537,27
538,28
539,30
540,21
541,40
542,26
543,24
544,15
545,32
546,34
547,30
548,21
549,17
550,21
551,20
552,30
553,27
554,36
555,33
556,25
557,29
558,11
559,16
560,33
561,27
562,36
563,27
564,22
565,20
566,36
567,29
568,23
569,22
570,24
571,30
572,23
573,30
574,33
575,32
576,47
577,28
578,22
579,37
580,25
581,23
582,22
583,23
584,34
585,29
586,34
587,28
588,22
589,31
590,27
591,38
592,26
593,24
594,15
595,23
596,30
597,34
598,33
599,15
600,28
601,36
602,32
603,25
604,25
605,19
606,26
607,30
608,23
609,29
610,29
611,30
612,40
613,39
614,29
615,23
616,32
617,29
618,31
619,2
620,11
621,25
622,32
623,29
624,18
625,23
626,30
627,27
628,26
629,31
630,30
631,25
632,32
633,27
634,31
635,19
636,15
637,24
638,23
639,16
640,22
641,15
642,29
643,40
644,34
645,26
646,24
647,21
648,24
649,26
650,29
651,22
652,33
653,11
654,29
655,35
656,22
657,23
658,24
659,38
660,23
661,24
662,33
663,27
664,33
665,26
666,28
667,26
668,15
669,24
670,28
671,33
672,28
673,32
674,17
675,10
676,23
677,27
678,28
679,27
680,39
681,30
682,25
683,24
684,33
685,32
686,25
687,33
688,26
689,27
690,24
691,32
692,35
693,30
694,25
695,27
696,25
697,27
698,29
699,32
700,30
701,19
702,24
703,28
704,33
705,15
706,26
707,34
708,31
709,31
710,25
711,27
712,21
713,28
714,22
715,32
716,33
717,22
718,34
719,28
720,22
721,16
722,34
723,28
724,32
725,24
726,26
727,26
728,26
729,21
730,24
731,31
732,24
733,34
734,39
735,18
736,29
737,28
738,26
739,43
740,2
741,38
742,36
743,22
744,31
745,27
746,26
747,22
748,31
749,32
750,33
751,23
752,28
753,29
754,28
755,30
756,46
757,25
758,29
759,35
760,38
761,28
762,35
763,23
764,28
765,23
766,37
767,35
768,11
769,4
770,22
771,21
772,28
773,26
774,26
775,41
776,27
777,25
778,27
779,30
780,21
781,24
782,32
783,19
784,26
785,26
786,23
787,24
788,27
789,24
790,32
791,22
792,24
793,19
794,28
795,25
796,24
797,34
798,26
799,29
800,20
801,32
802,23
803,31
804,32
805,19
806,26
807,32
808,40
809,33
810,23
811,38
812,28
813,16
814,30
815,30
816,28
817,23
818,16
819,29
820,30
821,24
822,29
823,32
824,33
825,25
826,39
827,28
828,29
829,31
830,9
831,32
832,26
833,23
834,27
835,47
836,30
837,31
838,38
839,27
840,20
841,30
842,34
843,31
844,30
845,27
846,16
847,30
848,19
849,36
850,33
851,17
852,24
853,25
854,28
855,29
856,24
857,21
858,16
859,30
860,42
861,25
862,16
863,38
864,30
865,32
866,36
867,40
868,30
869,34
870,23
871,39
872,29
873,23
874,21
875,38
876,15
877,31
878,35
879,26
880,25
881,24
882,19
883,17
884,37
885,28
886,33
887,29
888,31
889,37
890,25
891,15
892,15
893,15
894,40
895,26
896,23
897,35
898,18
899,21
900,41
901,33
902,29
903,27
904,23
905,25
906,19
907,33
908,52
909,38
910,25
911,32
912,35
913,39
914,37
915,15
916,26
917,26
918,21
919,44
920,28
921,28
922,26
923,34
924,32
925,24
926,27
927,35
928,31
929,39
930,22
931,26
932,19
933,16
934,32
935,22
936,26
937,16
938,27
939,27
940,30
941,33
942,19
943,22
944,25
945,30
946,40
947,23
948,29
949,20
950,36
951,27
952,20
953,31
954,30
955,26
956,39
957,18
958,25
959,38
960,21
961,16
962,10
963,21
964,30
965,29
966,32
967,30
968,22
969,34
970,33
971,33
972,31
973,35
974,24
975,29
976,22
977,34
978,25
979,23
980,23
981,33
982,26
983,29
984,29
985,30
986,26
987,33
988,28
989,29
990,30
991,34
992,19
993,21
994,17
995,37
996,33
997,24
998,16
999,25
1000,25
1001,31
1002,31
1003,32
1004,26
1005,34
1006,22
1007,35
1008,23
1009,36
1010,30
1011,35
1012,29
1013,36
1014,31
1015,23
1016,35
1017,24
1018,23
1019,31
1020,29
1021,35
1022,36
1023,21
1024,23
1025,38
1026,34
1027,29
1028,34
1029,30
1030,33
1031,25
1032,32
1033,37
1034,40
1035,31
1036,25
1037,25
1038,32
1039,26
1040,30
1041,20
1042,28
1043,25
1044,31
1045,30
1046,25
1047,22
1048,29
1049,25
1050,37
1051,35
1052,34
1053,29
1054,35
1055,25
1056,37
1057,27
1058,27
1059,16
1060,26
1061,4
1062,27
1063,22
1064,15
1065,27
1066,26
1067,28
1068,25
1069,30
1070,30
1071,22
1072,33
1073,38
1074,16
1075,39
1076,33
1077,25
1078,30
1079,15
1080,28
1081,32
1082,37
1083,35
1084,27
1085,31
1086,15
1087,34
1088,17
1089,34
1090,35
1091,19
1092,34
1093,23
1094,15
1095,2
1096,29
1097,35
1098,41
1099,30
1100,33
1101,32
1102,20
1103,23
1104,26
1105,38
1106,36
1107,26
1108,39
1109,32
1110,25
1111,28
1112,39
1113,22
1114,24
1115,30
1116,33
1117,33
1118,24
1119,26
1120,29
1121,34
1122,16
1123,29
1124,23
1125,24
1126,26
1127,28
1128,2
1129,35
1130,11
1131,35
1132,34
1133,29
1134,30
1135,15
1136,21
1137,26
1138,29
1139,31
1140,29
1141,25
1142,27
1143,37
1144,37
1145,33
1146,28
1147,30
1148,20
1149,31
1150,26
1151,33
1152,31
1153,20
1154,27
1155,27
1156,34
1157,21
1158,29
1159,37
1160,35
1161,29
1162,29
1163,20
1164,19
1165,32
1166,32
1167,32
1168,31
1169,31
1170,16
1171,32
1172,23
1173,25
1174,26
1175,25
1176,24
1177,17
1178,27
1179,32
1180,29
1181,24
1182,21
1183,20
1184,29
1185,42
1186,34
1187,16
1188,24
1189,31
1190,26
1191,16
1192,25
1193,15
1194,26
1195,31
1196,26
1197,25
1198,28
1199,34
1200,16
1201,22
1202,46
1203,30
1204,33
1205,29
1206,28
1207,23
1208,19
1209,27
1210,23
1211,30
1212,33
1213,28
1214,24
1215,2
1216,25
1217,17
1218,29
1219,33
1220,29
1221,22
1222,16
1223,28
1224,34
1225,30
1226,30
1227,18
1228,30
1229,34
1230,20
1231,34
1232,32
1233,29
1234,39
1235,30
1236,16
1237,22
1238,31
1239,30
1240,36
1241,30
1242,29
1243,27
1244,42
1245,34
1246,39
1247,26
1248,29
1249,24
1250,32
1251,32
1252,16
1253,29
1254,23
1255,25
1256,30
1257,34
1258,29
1259,18
1260,22
1261,34
1262,29
1263,20
1264,39
1265,28
1266,33
1267,29
1268,28
1269,23
1270,25
1271,37
1272,23
1273,34
1274,22
1275,34
1276,25
1277,19
1278,35
1279,25
1280,26
1281,30
1282,23
1283,25
1284,37
1285,24
1286,36
1287,22
1288,28
1289,31
1290,43
1291,26
1292,24
1293,31
1294,16
1295,45
1296,28
1297,29
1298,38
1299,32
1300,31
1301,29
1302,41
1303,32
1304,31
1305,26
1306,36
1307,27
1308,23
1309,21
1310,33
1311,15
1312,28
1313,15
1314,32
1315,32
1316,23
1317,36
1318,15
1319,37
1320,15
1321,36
1322,20
1323,28
1324,38
1325,30
1326,30
1327,31
1328,27
1329,30
1330,26
1331,38
1332,33
1333,22
1334,2
1335,30
1336,28
1337,30
1338,32
1339,29
1340,26
1341,27
1342,32
1343,31
1344,15
1345,17
1346,24
1347,20
1348,32
1349,28
1350,38
1351,28
1352,26
1353,26
1354,28
1355,16
1356,28
1357,32
1358,38
1359,33
1360,21
1361,27
1362,29
1363,30
1364,36
1365,32
1366,26
1367,28
1368,29
1369,30
1370,30
1371,28
1372,38
1373,25
1374,34
1375,26
1376,27
1377,22
1378,36
1379,20
1380,18
1381,35
1382,23
1383,30
1384,31
1385,32
1386,37
1387,34
1388,3
1389,23
1390,30
1391,32
1392,39
1393,26
1394,19
1395,32
1396,30
1397,16
1398,15
1399,39
1400,42
1401,28
1402,34
1403,19
1404,15
1405,21
1406,30
1407,15
1408,36
1409,34
1410,33
1411,28
1412,22
1413,31
1414,43
1415,29
1416,28
1417,24
1418,32
1419,29
1420,27
1421,26
1422,11
1423,15
1424,17
1425,29
1426,19
1427,20
1428,30
1429,18
1430,31
1431,35
1432,15
1433,23
1434,29
1435,29
1436,23
1437,34
1438,20
1439,29
1440,25
1441,28
1442,37
1443,28
1444,38
1445,19
1446,23
1447,34
1448,21
1449,32
1450,27
1451,35
1452,34
1453,35
1454,30
1455,23
1456,29
1457,29
1458,32
1459,27
1460,26
1461,19
1462,23
1463,26
1464,29
1465,31
1466,27
1467,33
1468,30
1469,24
1470,31
1471,37
1472,30
1473,28
1474,31
1475,25
1476,26
1477,20
1478,24
1479,26
1480,26
1481,30
1482,23
1483,20
1484,22
1485,32
1486,23
1487,31
1488,21
1489,29
1490,25
1491,17
1492,27
1493,33
1494,27
1495,31
1496,40
1497,25
1498,33
1499,34
1500,33
1501,26
1502,43
1503,32
1504,29
1505,24
1506,43
1507,22
1508,35
1509,25
1510,36
1511,30
1512,28
1513,31
1514,29
1515,22
1516,32
1517,34
1518,27
1519,33
1520,5
1521,27
1522,33
1523,16
1524,28
1525,25
1526,29
1527,19
1528,23
1529,22
1530,25
1531,32
1532,34
1533,28
1534,34
1535,31
1536,37
1537,35
1538,22
1539,31
1540,27
1541,31
1542,28
1543,30
1544,30
1545,17
1546,25
1547,30
1548,27
1549,26
1550,31
1551,25
1552,27
1553,26
1554,23
1555,41
1556,15
1557,26
1558,25
1559,28
1560,36
1561,28
1562,17
1563,44
1564,16
1565,5
1566,28
1567,28
1568,35
1569,30
1570,27
1571,28
1572,39
1573,28
1574,32
1575,29
1576,26
1577,24
1578,2
1579,20
1580,32
1581,35
1582,26
1583,37
1584,24
1585,16
1586,31
1587,18
1588,29
1589,26
1590,32
1591,34
1592,28
1593,33
1594,22
1595,16
1596,25
1597,24
1598,30
1599,20
1600,31
1601,32
1602,32
1603,23
1604,24
1605,33
1606,32
1607,27
1608,27
1609,16
1610,21
1611,20
1612,15
1613,19
1614,30
1615,20
1616,25
1617,22
1618,24
1619,26
1620,20
1621,36
1622,21
1623,31
1624,23
1625,29
1626,26
1627,32
1628,18
1629,19
1630,27
1631,24
1632,28
1633,15
1634,20
1635,32
1636,28
1637,25
1638,31
1639,29
1640,31
1641,26
1642,15
1643,29
1644,28
1645,32
1646,30
1647,34
1648,22
1649,35
1650,25
1651,24
1652,30
1653,34
1654,28
1655,24
1656,31
1657,23
1658,30
1659,2
1660,16
1661,28
1662,30
1663,32
1664,18
1665,34
1666,32
1667,26
1668,25
1669,33
1670,32
1671,34
1672,25
1673,22
1674,18
1675,22
1676,24
1677,21
1678,27
1679,37
1680,28
1681,35
1682,23
1683,26
1684,38
1685,33
1686,27
1687,35
1688,40
1689,27
1690,30
1691,22
1692,25
1693,28
1694,30
1695,12
1696,18
1697,26
1698,16
1699,26
1700,24
1701,22
1702,32
1703,25
1704,30
1705,26
1706,15
1707,28
1708,24
1709,25
1710,36
1711,32
1712,24
1713,32
1714,27
1715,28
1716,39
1717,30
1718,31
1719,2
1720,28
1721,30
1722,14
1723,28
1724,30
1725,29
1726,32
1727,19
1728,24
1729,26
1730,19
1731,28
1732,23
1733,29
1734,22
1735,25
1736,30
1737,26
1738,34
1739,27
1740,28
1741,33
1742,40
1743,20
1744,33
1745,29
1746,26
1747,22
1748,29
1749,33
1750,27
1751,29
1752,21
1753,27
1754,28
1755,18
1756,33
1757,29
1758,25
1759,28
1760,31
1761,21
1762,24
1763,27
1764,29
1765,39
1766,25
1767,16
1768,23
1769,24
1770,23
1771,15
1772,30
1773,28
1774,25
1775,22
1776,31
1777,28
1778,29
1779,43
1780,25
1781,38
1782,23
1783,37
1784,11
1785,31
1786,36
1787,23
1788,27
1789,15
1790,35
1791,28
1792,24
1793,23
1794,30
1795,26
1796,21
1797,2
1798,27
1799,31
1800,16
1801,24
1802,39
1803,16
1804,24
1805,2
1806,26
1807,24
1808,34
1809,26
1810,33
1811,25
1812,35
1813,31
1814,20
1815,18
1816,28
1817,27
1818,24
1819,36
1820,27
1821,34
1822,35
1823,29
1824,37
1825,29
1826,27
1827,24
1828,37
1829,23
1830,23
1831,26
1832,37
1833,35
1834,28
1835,34
1836,29
1837,28
1838,32
1839,21
1840,32
1841,23
1842,30
1843,39
1844,32
1845,29
1846,24
1847,30
1848,25
1849,27
1850,21
1851,31
1852,22
1853,27
1854,34
1855,29
1856,22
1857,28
1858,25
1859,30
1860,36
1861,31
1862,25
1863,4
1864,34
1865,26
1866,28
1867,33
1868,35
1869,29
1870,31
1871,19
1872,17
1873,21
1874,32
1875,34
1876,18
1877,28
1878,25
1879,27
1880,24
1881,21
1882,26
1883,27
1884,37
1885,38
1886,17
1887,22
1888,26
1889,23
1890,25
1891,22
1892,26
1893,31
1894,27
1895,27
1896,28
1897,23
1898,23
1899,16
1900,26
1901,18
1902,25
1903,26
1904,25
1905,19
1906,34
1907,27
1908,25
1909,28
1910,32
1911,22
1912,18
1913,24
1914,31
1915,32
1916,35
1917,28
1918,30
1919,20
1920,31
1921,36
1922,28
1923,31
1924,16
1925,31
1926,37
1927,26
1928,31
1929,24
1930,42
1931,28
1932,16
1933,32
1934,26
1935,22
1936,31
1937,28
1938,32
1939,27
1940,38
1941,31
1942,30
1943,34
1944,25
1945,16
1946,19
1947,33
1948,31
1949,24
1950,23
1951,35
1952,28
1953,21
1954,31
1955,32
1956,23
1957,24
1958,30
1959,24
1960,27
1961,34
1962,31
1963,30
1964,19
1965,31
1966,32
1967,42
1968,43
1969,36
1970,31
1971,26
1972,24
1973,23
1974,28
1975,40
1976,35
1977,38
1978,19
1979,25
1980,32
1981,23
1982,18
1983,24
1984,27
1985,30
1986,33
1987,39
1988,30
1989,25
1990,32
1991,19
1992,24
1993,27
1994,34
1995,33
1996,20
1997,15
1998,27
1999,37
2000,35
2001,24
2002,27
2003,23
2004,26
2005,25
2006,25
2007,30
2008,34
2009,28
2010,24
2011,23
2012,19
2013,16
2014,30
2015,2
2016,16
2017,31
2018,27
2019,15
2020,28
2021,34
2022,26
2023,15
2024,30
2025,19
2026,30
2027,37
2028,49
2029,39
2030,35
2031,33
2032,36
2033,33
2034,35
2035,32
2036,28
2037,34
2038,24
2039,25
2040,15
2041,36
2042,29
2043,34
2044,2
2045,32
2046,19
2047,41
2048,15
2049,22
2050,28
2051,28
2052,31
2053,27
2054,24
2055,28
2056,34
2057,30
2058,32
2059,30
2060,35
2061,15
2062,31
2063,21
2064,15
2065,27
2066,21
2067,24
2068,28
2069,27
2070,22
2071,44
2072,27
2073,28
2074,31
2075,32
2076,29
2077,32
2078,33
2079,28
2080,22
2081,23
2082,26
2083,31
2084,31
2085,40
2086,28
2087,30
2088,26
2089,33
2090,31
2091,30
2092,11
2093,36
2094,25
2095,19
2096,33
2097,29
2098,21
2099,35
2100,25
2101,32
2102,35
2103,32
2104,31
2105,25
2106,27
2107,30
2108,32
2109,28
2110,36
2111,15
2112,45
2113,30
2114,24
2115,28
2116,45
2117,39
2118,25
2119,24
2120,26
2121,29
2122,37
2123,29
2124,32
2125,30
2126,30
2127,13
2128,32
2129,19
2130,22
2131,20
2132,3
2133,28
2134,23
2135,34
2136,24
2137,32
2138,23
2139,30
2140,38
2141,35
2142,30
2143,31
2144,34
2145,26
2146,23
2147,28
2148,33
2149,16
2150,34
2151,4
2152,27
2153,37
2154,27
2155,25
2156,30
2157,27
2158,33
2159,24
2160,33
2161,23
2162,22
2163,34
2164,20
2165,40
2166,34
2167,26
2168,26
2169,30
2170,35
2171,22
2172,25
2173,24
2174,19
2175,31
2176,2
2177,33
2178,23
2179,26
2180,19
2181,45
2182,36
2183,28
2184,33
2185,16
2186,34
2187,25
2188,29
2189,25
2190,28
2191,38
2192,29
2193,28
2194,27
2195,28
2196,41
2197,39
2198,35
2199,30
2200,31
2201,22
2202,33
2203,20
2204,31
2205,25
2206,28
2207,26
2208,28
2209,21
2210,24
2211,34
2212,2
2213,28
2214,32
2215,24
2216,26
2217,40
2218,33
2219,19
2220,23
2221,22
2222,26
2223,25
2224,31
2225,27
2226,23
2227,26
2228,31
2229,27
2230,35
2231,2
2232,31
2233,31
2234,27
2235,27
2236,22
2237,34
2238,19
2239,24
2240,30
2241,2
2242,32
2243,34
2244,28
2245,31
2246,30
2247,26
2248,30
2249,31
2250,31
2251,29
2252,33
2253,39
2254,15
2255,30
2256,37
2257,27
2258,33
2259,25
2260,32
2261,30
2262,33
2263,33
2264,37
2265,32
2266,27
2267,26
2268,31
2269,31
2270,20
2271,37
2272,23
2273,28
2274,26
2275,30
2276,15
2277,26
2278,22
2279,23
2280,33
2281,26
2282,31
2283,37
2284,22
2285,38
2286,26
2287,28
2288,21
2289,26
2290,29
2291,21
2292,31
2293,39
2294,30
2295,31
2296,26
2297,26
2298,18
2299,22
2300,28
2301,31
2302,16
2303,30
2304,28
2305,23
2306,23
2307,37
2308,31
2309,34
2310,30
2311,22
2312,28
2313,27
2314,29
2315,28
2316,24
2317,34
2318,28
2319,15
2320,21
2321,19
2322,26
2323,26
2324,2
2325,16
2326,32
2327,29
2328,26
2329,24
2330,38
2331,35
2332,31
2333,34
2334,27
2335,24
2336,27
2337,27
2338,37
2339,33
2340,39
2341,31
2342,36
2343,35
2344,30
2345,26
2346,29
2347,30
2348,35
2349,27
2350,23
2351,24
2352,37
2353,19
2354,24
2355,34
2356,19
2357,26
2358,27
2359,28
2360,24
2361,25
2362,39
2363,33
2364,29
2365,25
2366,28
2367,43
2368,29
2369,33
2370,23
2371,24
2372,32
2373,26
2374,28
2375,25
2376,16
2377,25
2378,31
2379,26
2380,24
2381,19
2382,22
2383,29
2384,33
2385,33
2386,21
2387,39
2388,16
2389,36
2390,16
2391,32
2392,31
2393,30
2394,21
2395,11
2396,25
2397,23
2398,39
2399,38
2400,22
2401,29
2402,25
2403,21
2404,33
2405,41
2406,20
2407,26
2408,33
2409,24
2410,2
2411,24
2412,27
2413,26
2414,27
2415,36
2416,16
2417,31
2418,28
2419,34
2420,29
2421,41
2422,21
2423,33
2424,29
2425,34
2426,31
2427,21
2428,24
2429,29
2430,29
2431,37
2432,31
2433,33
2434,31
2435,43
2436,38
2437,32
2438,23
2439,33
2440,25
2441,27
2442,45
2443,22
2444,19
2445,30
2446,35
2447,30
2448,40
2449,31
2450,39
2451,30
2452,26
2453,19
2454,36
2455,42
2456,47
2457,35
2458,14
2459,28
2460,33
2461,33
2462,30
2463,28
2464,26
2465,24
2466,36
2467,23
2468,20
2469,33
2470,27
2471,29
2472,37
2473,2
2474,28
2475,4
2476,28
2477,33
2478,41
2479,24
2480,28
2481,30
2482,37
2483,26
2484,33
2485,35
2486,30
2487,34
2488,31
2489,29
2490,34
2491,26
2492,26
2493,23
2494,32
2495,31
2496,21
2497,27
2498,40
2499,35
2500,31
2501,31
2502,30
2503,45
2504,30
2505,23
2506,23
2507,30
2508,28
2509,37
2510,28
2511,26
2512,34
2513,27
2514,25
2515,32
2516,25
2517,21
2518,32
2519,34
2520,17
2521,21
2522,36
2523,32
2524,17
2525,26
2526,27
2527,27
2528,25
2529,31
2530,29
2531,26
2532,2
2533,30
2534,35
2535,37
2536,26
2537,41
2538,22
2539,20
2540,27
2541,26
2542,32
2543,25
2544,30
2545,34
2546,40
2547,32
2548,34
2549,35
2550,32
2551,31
2552,24
2553,19
2554,22
2555,26
2556,39
2557,18
2558,35
2559,26
2560,25
2561,25
2562,23
2563,29
2564,21
2565,25
2566,28
2567,27
2568,23
2569,24
2570,26
2571,34
2572,21
2573,26
2574,26
2575,34
2576,36
2577,17
2578,17
2579,29
2580,29
2581,25
2582,30
2583,38
2584,25
2585,34
2586,35
2587,39
2588,32
2589,39
2590,25
2591,30
2592,28
2593,33
2594,33
2595,43
2596,35
2597,31
2598,40
2599,26
2600,15
2601,24
2602,38
2603,33
2604,18
2605,42
2606,22
2607,34
2608,31
2609,32
2610,24
2611,2
2612,20
2613,24
2614,35
2615,27
2616,38
2617,42
2618,33
2619,19
2620,22
2621,29
2622,39
2623,20
2624,26
2625,37
2626,28
2627,27
2628,23
2629,25
2630,24
2631,36
2632,26
2633,27
2634,24
2635,25
2636,29
2637,31
2638,30
2639,32
2640,40
2641,14
2642,27
2643,28
2644,35
2645,27
2646,27
2647,27
2648,31
2649,30
2650,30
2651,32
2652,30
2653,30
2654,33
2655,37
2656,38
2657,37
2658,24
2659,26
2660,30
2661,22
2662,26
2663,16
2664,33
2665,3
2666,28
2667,24
2668,27
2669,24
2670,2
2671,36
2672,28
2673,27
2674,30
2675,29
2676,23
2677,23
2678,32
2679,36
2680,26
2681,20
2682,23
2683,28
2684,23
2685,22
2686,30
2687,31
2688,37
2689,26
2690,18
2691,26
2692,31
2693,34
2694,30
2695,28
2696,30
2697,27
2698,2
2699,26
2700,24
2701,32
2702,32
2703,23
2704,29
2705,25
2706,37
2707,45
2708,27
2709,26
2710,37
2711,23
2712,26
2713,15
2714,24
2715,27
2716,25
2717,27
2718,24
2719,26
2720,32
2721,30
2722,15
2723,39
2724,40
2725,27
2726,16
2727,45
2728,27
2729,30
2730,34
2731,12
2732,38
2733,16
2734,32
2735,27
2736,30
2737,34
2738,27
2739,27
2740,29
2741,24
2742,28
2743,26
2744,26
2745,25
2746,24
2747,20
2748,32
2749,39
2750,26
2751,22
2752,31
2753,22
2754,21
2755,27
2756,15
2757,32
2758,2
2759,28
2760,16
2761,32
2762,27
2763,36
2764,16
2765,31
2766,21
2767,25
2768,45
2769,28
2770,32
2771,26
2772,29
2773,28
2774,24
2775,36
2776,15
2777,26
2778,23
2779,23
2780,31
2781,41
2782,33
2783,33
2784,29
2785,27
2786,23
2787,25
2788,29
2789,22
2790,43
2791,26
2792,18
2793,21
2794,30
2795,36
2796,33
2797,27
2798,32
2799,34
2800,33
2801,30
2802,32
2803,24
2804,24
2805,26
2806,25
2807,37
2808,23
2809,30
2810,28
2811,23
2812,27
2813,23
2814,35
2815,25
2816,35
2817,35
2818,31
2819,9
2820,32
2821,25
2822,16
2823,15
2824,28
2825,39
2826,25
2827,33
2828,36
2829,28
2830,37
2831,29
2832,32
2833,26
2834,32
2835,19
2836,27
2837,23
2838,25
2839,37
2840,31
2841,28
2842,20
2843,24
2844,31
2845,28
2846,40
2847,32
2848,6
2849,24
2850,32
2851,25
2852,37
2853,27
2854,25
2855,24
2856,36
2857,19
2858,31
2859,38
2860,33
2861,19
2862,28
2863,36
2864,22
2865,21
2866,34
2867,30
2868,33
2869,22
2870,31
2871,34
2872,28
2873,31
2874,33
2875,31
2876,28
2877,27
2878,29
2879,34
2880,29
2881,15
2882,33
2883,30
2884,18
2885,25
2886,28
2887,37
2888,35
2889,27
2890,23
2891,3
2892,27
2893,23
2894,21
2895,40
2896,18
2897,6
2898,12
2899,35
2900,23
2901,23
2902,40
2903,28
2904,33
2905,34
2906,41
2907,14
2908,28
2909,17
2910,9
2911,20
2912,29
2913,20
2914,24
2915,13
2916,27
2917,33
2918,24
2919,2
2920,33
2921,27
2922,24
2923,35
2924,34
2925,20
2926,28
2927,28
2928,35
2929,32
2930,15
2931,30
2932,33
2933,28
2934,21
2935,31
2936,25
2937,22
2938,25
2939,23
2940,30
2941,34
2942,32
2943,29
2944,37
2945,25
2946,19
2947,20
2948,29
2949,16
2950,25
2951,28
2952,38
2953,32
2954,20
2955,15
2956,28
2957,21
2958,26
2959,28
2960,31
2961,36
2962,36
2963,22
2964,23
2965,29
2966,29
2967,31
2968,35
2969,32
2970,32
2971,30
2972,26
2973,39
2974,19
2975,23
2976,21
2977,28
2978,26
2979,30
2980,30
2981,30
2982,43
2983,29
2984,29
2985,31
2986,36
2987,29
2988,27
2989,23
2990,27
2991,28
2992,32
2993,39
2994,22
2995,23
2996,27
2997,28
2998,30
2999,36
3000,44
3001,19
3002,32
3003,27
3004,28
3005,29
3006,22
3007,31
3008,28
3009,29
3010,37
3011,34
3012,27
3013,33
3014,27
3015,47
3016,20
3017,30
3018,24
3019,40
3020,34
3021,28
3022,32
3023,15
3024,19
3025,23
3026,34
3027,29
3028,35
3029,35
3030,26
3031,32
3032,26
3033,25
3034,30
3035,38
3036,32
3037,30
3038,33
3039,24
3040,28
3041,17
3042,31
3043,29
3044,36
3045,32
3046,31
3047,38
3048,25
3049,26
3050,30
3051,32
3052,33
3053,37
3054,20
3055,26
3056,34
3057,28
3058,26
3059,30
3060,30
3061,34
3062,20
3063,27
3064,22
3065,27
3066,24
3067,29
3068,22
3069,34
3070,19
3071,20
3072,34
3073,33
3074,26
3075,36
3076,34
3077,26
3078,33
3079,37
3080,26
3081,31
3082,31
3083,23
3084,20
3085,34
3086,23
3087,28
3088,22
3089,24
3090,25
3091,26
3092,32
3093,24
3094,35
3095,29
3096,28
3097,22
3098,26
3099,15
3100,27
3101,26
3102,33
3103,34
3104,23
3105,30
3106,22
3107,27
3108,34
3109,25
3110,15
3111,33
3112,33
3113,16
3114,34
3115,16
3116,19
3117,21
3118,36
3119,30
3120,37
3121,27
3122,25
3123,25
3124,28
3125,40
3126,27
3127,16
3128,32
3129,20
3130,40
3131,28
3132,33
3133,15
3134,40
3135,15
3136,26
3137,15
3138,24
3139,27
3140,23
3141,15
3142,28
3143,39
3144,20
3145,25
3146,36
3147,28
3148,34
3149,15
3150,31
3151,28
3152,23
3153,24
3154,31
3155,37
3156,21
3157,29
3158,26
3159,41
3160,28
3161,32
3162,28
3163,28
3164,2
3165,29
3166,38
3167,22
3168,33
3169,25
3170,37
3171,33
3172,25
3173,34
3174,25
3175,24
3176,35
3177,29
3178,27
3179,16
3180,31
3181,28
3182,26
3183,28
3184,26
3185,33
3186,30
3187,36
3188,38
3189,24
3190,20
3191,35
3192,34
3193,29
3194,40
3195,20
3196,32
3197,24
3198,30
3199,19
3200,25
3201,31
3202,19
3203,34
3204,24
3205,16
3206,21
3207,20
3208,24
3209,29
3210,28
3211,34
3212,2
3213,27
3214,48
3215,34
3216,32
3217,29
3218,28
3219,26
3220,21
3221,38
3222,30
3223,27
3224,15
3225,32
3226,22
3227,36
3228,25
3229,28
3230,29
3231,41
3232,19
3233,26
3234,32
3235,37
3236,26
3237,32
3238,27
3239,13
3240,23
3241,27
3242,31
3243,25
3244,17
3245,18
3246,24
3247,29
3248,35
3249,31
3250,27
3251,27
3252,21
3253,29
3254,30
3255,24
3256,28
3257,23
3258,50
3259,29
3260,32
3261,30
3262,26
3263,38
3264,33
3265,33
3266,40
3267,11
3268,30
3269,27
3270,30
3271,27
3272,42
3273,29
3274,30
3275,28
3276,31
3277,26
3278,32
3279,36
3280,32
3281,23
3282,26
3283,34
3284,22
3285,29
3286,28
3287,30
3288,24
3289,36
3290,24
3291,26
3292,20
3293,31
3294,28
3295,31
3296,27
3297,28
3298,38
3299,26
3300,22
3301,31
3302,28
3303,28
3304,34
3305,19
3306,25
3307,31
3308,35
3309,26
3310,38
3311,34
3312,33
3313,34
3314,2
3315,22
3316,35
3317,39
3318,6
3319,16
3320,27
3321,29
3322,27
3323,35
3324,30
3325,24
3326,20
3327,25
3328,16
3329,30
3330,18
3331,17
3332,30
3333,28
3334,25
3335,35
3336,31
3337,30
3338,34
3339,16
3340,33
3341,23
3342,31
3343,39
3344,24
3345,33
3346,31
3347,29
3348,30
3349,35
3350,26
3351,38
3352,35
3353,19
3354,26
3355,38
3356,25
3357,25
3358,34
3359,30
3360,39
3361,39
3362,14
3363,28
3364,23
3365,30
3366,16
3367,27
3368,32
3369,29
3370,26
3371,35
3372,34
3373,29
3374,28
3375,34
3376,27
3377,34
3378,21
3379,26
3380,38
3381,26
3382,28
3383,29
3384,27
3385,24
3386,21
3387,32
3388,38
3389,30
3390,27
3391,27
3392,23
3393,23
3394,34
3395,25
3396,27
3397,15
3398,36
3399,33
3400,25
3401,40
3402,32
3403,34
3404,40
3405,25
3406,25
3407,31
3408,24
3409,26
3410,34
3411,36
3412,25
3413,26
3414,37
3415,20
3416,33
3417,23
3418,26
3419,23
3420,33
3421,2
3422,21
3423,18
3424,33
3425,33
3426,18
3427,34
3428,36
3429,37
3430,27
3431,22
3432,31
3433,25
3434,21
3435,26
3436,29
3437,30
3438,31
3439,26
3440,34
3441,27
3442,25
3443,29
3444,29
3445,21
3446,29
3447,26
3448,30
3449,31
3450,28
3451,37
3452,28
3453,27
3454,26
3455,30
3456,16
3457,36
3458,27
3459,30
3460,39
3461,24
3462,34
3463,30
3464,26
3465,31
3466,23
3467,30
3468,24
3469,31
3470,32
3471,24
3472,27
3473,31
3474,30
3475,28
3476,30
3477,34
3478,38
3479,43
3480,29
3481,18
3482,12
3483,36
3484,15
3485,27
3486,32
3487,44
3488,36
3489,26
3490,18
3491,30
3492,32
3493,40
3494,31
3495,32
3496,36
3497,36
3498,34
3499,33
3500,32
3501,30
3502,25
3503,21
3504,29
3505,35
3506,26
3507,15
3508,25
3509,27
3510,33
3511,29
3512,23
3513,41
3514,27
3515,27
3516,29
3517,31
3518,23
3519,27
3520,35
3521,28
3522,32
3523,26
3524,25
3525,27
3526,24
3527,30
3528,29
3529,33
3530,21
3531,35
3532,20
3533,27
3534,32
3535,24
3536,34
3537,32
3538,29
3539,29
3540,19
3541,23
3542,34
3543,24
3544,21
3545,32
3546,26
3547,22
3548,22
3549,30
3550,31
3551,16
3552,27
3553,40
3554,31
3555,42
3556,26
3557,15
3558,36
3559,38
3560,23
3561,41
3562,25
3563,30
3564,27
3565,18
3566,29
3567,32
3568,21
3569,27
3570,25
3571,34
3572,30
3573,29
3574,17
3575,20
3576,40
3577,27
3578,42
3579,19
3580,25
3581,29
3582,19
3583,28
3584,44
3585,35
3586,27
3587,39
3588,33
3589,25
3590,35
3591,31
3592,15
3593,30
3594,34
3595,27
3596,27
3597,30
3598,26
3599,27
3600,15
3601,24
3602,15
3603,28
3604,29
3605,32
3606,27
3607,20
3608,32
3609,35
3610,26
3611,35
3612,27
3613,24
3614,23
3615,29
3616,30
3617,26
3618,34
3619,27
3620,25
3621,27
3622,25
3623,30
3624,31
3625,24
3626,22
3627,29
3628,34
3629,30
3630,38
3631,34
3632,27
3633,27
3634,16
3635,24
3636,19
3637,22
3638,28
3639,35
3640,17
3641,33
3642,30
3643,26
3644,35
3645,28
3646,30
3647,31
3648,39
3649,25
3650,25
3651,22
3652,27
3653,31
3654,23
3655,28
3656,33
3657,29
3658,15
3659,28
3660,17
3661,17
3662,27
3663,24
3664,22
3665,29
3666,16
3667,34
3668,29
3669,33
3670,30
3671,30
3672,40
3673,27
3674,20
3675,36
3676,36
3677,31
3678,28
3679,30
3680,34
3681,22
3682,28
3683,27
3684,33
3685,23
3686,31
3687,19
3688,30
3689,31
3690,30
3691,25
3692,29
3693,25
3694,27
3695,35
3696,29
3697,41
3698,35
3699,37
3700,25
3701,26
3702,34
3703,32
3704,17
3705,21
3706,23
3707,28
3708,26
3709,29
3710,27
3711,37
3712,2
3713,27
3714,24
3715,30
3716,28
3717,20
3718,2
3719,26
3720,22
3721,24
3722,22
3723,22
3724,24
3725,32
3726,17
3727,26
3728,34
3729,28
3730,30
3731,21
3732,36
3733,22
3734,20
3735,19
3736,39
3737,28
3738,29
3739,32
3740,31
3741,26
3742,24
3743,32
3744,26
3745,31
3746,32
3747,32
3748,9
3749,27
3750,25
3751,34
3752,28
3753,29
3754,23
3755,24
3756,28
3757,17
3758,25
3759,26
3760,26
3761,27
3762,29
3763,32
3764,26
3765,34
3766,39
3767,44
3768,29
3769,25
3770,35
3771,33
3772,23
3773,31
3774,29
3775,37
3776,27
3777,28
3778,30
3779,26
3780,29
3781,38
3782,36
3783,20
3784,27
3785,22
3786,21
3787,26
3788,29
3789,25
3790,29
3791,26
3792,36
3793,34
3794,16
3795,27
3796,29
3797,30
3798,27
3799,24
3800,23
3801,9
3802,29
3803,30
3804,29
3805,36
3806,23
3807,36
3808,29
3809,30
3810,36
3811,23
3812,23
3813,37
3814,29
3815,33
3816,28
3817,26
3818,34
3819,23
3820,22
3821,22
3822,25
3823,28
3824,29
3825,21
3826,44
3827,31
3828,40
3829,31
3830,16
3831,18
3832,24
3833,39
3834,35
3835,34
3836,31
3837,28
3838,24
3839,33
3840,23
3841,31
3842,19
3843,35
3844,34
3845,29
3846,30
3847,28
3848,22
3849,41
3850,38
3851,28
3852,26
3853,37
3854,28
3855,21
3856,32
3857,33
3858,24
3859,32
3860,30
3861,26
3862,21
3863,21
3864,24
3865,24
3866,29
3867,35
3868,25
3869,21
3870,31
3871,34
3872,32
3873,27
3874,32
3875,36
3876,31
3877,40
3878,28
3879,29
3880,33
3881,30
3882,27
3883,37
3884,28
3885,29
3886,32
3887,37
3888,24
3889,26
3890,29
3891,32
3892,25
3893,26
3894,52
3895,28
3896,23
3897,29
3898,26
3899,34
3900,28
3901,24
3902,35
3903,22
3904,23
3905,15
3906,23
3907,36
3908,24
3909,32
3910,19
3911,26
3912,33
3913,35
3914,23
3915,29
3916,27
3917,25
3918,25
3919,25
3920,23
3921,35
3922,23
3923,16
3924,29
3925,25
3926,16
3927,33
3928,37
3929,33
3930,34
3931,18
3932,32
3933,23
3934,32
3935,31
3936,32
3937,41
3938,31
3939,36
3940,22
3941,15
3942,22
3943,29
3944,36
3945,15
3946,22
3947,29
3948,24
3949,29
3950,36
3951,32
3952,25
3953,41
3954,34
3955,26
3956,29
3957,30
3958,16
3959,33
3960,31
3961,20
3962,17
3963,30
3964,25
3965,30
3966,36
3967,19
3968,2
3969,10
3970,27
3971,25
3972,30
3973,23
3974,42
3975,38
3976,35
3977,34
3978,27
3979,29
3980,5
3981,19
3982,24
3983,16
3984,32
3985,20
3986,28
3987,32
3988,2
3989,17
3990,33
3991,32
3992,26
3993,35
3994,25
3995,22
3996,24
3997,32
3998,26
3999,29
