,gameDuration
0,24
1,27
2,19
3,20
4,23
5,28
6,29
7,24
8,10
9,34
10,23
11,30
12,15
13,23
14,28
15,19
16,21
17,33
18,29
19,26
20,33
21,29
22,19
23,46
24,29
25,25
26,27
27,35
28,29
29,35
30,15
31,19
32,31
33,30
34,34
35,16
36,26
37,26
38,33
39,37
40,35
41,27
42,36
43,31
44,26
45,24
46,44
47,25
48,25
49,28
50,29
51,32
52,25
53,33
54,2
55,19
56,28
57,24
58,19
59,33
60,34
61,20
62,37
63,27
64,33
65,37
66,22
67,16
68,33
69,25
70,2
71,28
72,35
73,38
74,29
75,23
76,22
77,35
78,27
79,32
80,43
81,25
82,29
83,19
84,29
85,41
86,33
87,35
88,25
89,33
90,38
91,21
92,27
93,32
94,17
95,26
96,31
97,30
98,32
99,33
100,23
101,32
102,20
103,32
104,36
105,24
106,31
107,23
108,27
109,36
110,18
111,24
112,32
113,37
114,24
115,33
116,29
117,31
118,29
119,32
120,36
121,25
122,31
123,22
124,37
125,24
126,30
127,23
128,30
129,26
130,31
131,30
132,29
133,23
134,26
135,35
136,37
137,27
138,32
139,27
140,27
141,2
142,10
143,34
144,31
145,32
146,34
147,29
148,30
149,26
150,34
151,30
152,38
153,32
154,24
155,44
156,36
157,39
158,2
159,22
160,21
161,19
162,24
163,25
164,36
165,26
166,35
167,24
168,37
169,24
170,38
171,29
172,33
173,38
174,27
175,23
176,31
177,27
178,27
179,23
180,32
181,32
182,33
183,38
184,35
185,37
186,27
187,41
188,33
189,53
190,36
191,22
192,27
193,40
194,41
195,21
196,30
197,38
198,20
199,37
200,33
201,38
202,38
203,47
204,36
205,16
206,21
207,40
208,33
209,16
210,29
211,44
212,29
213,2
214,38
215,28
216,32
217,33
218,35
219,30
220,30
221,25
222,31
223,32
224,35
225,31
226,22
227,39
228,35
229,21
230,30
231,45
232,34
233,20
234,30
235,18
236,28
237,37
238,33
239,32
240,44
241,31
242,26
243,26
244,43
245,27
246,30
247,24
248,26
249,35
250,3
251,38
252,38
253,18
254,21
255,33
256,32
257,42
258,31
259,32
260,33
261,34
262,24
263,31
264,36
265,27
266,25
267,17
268,30
269,22
270,32
271,40
272,21
273,35
274,29
275,39
276,29
277,40
278,50
279,26
280,28
281,22
282,27
283,22
284,29
285,37
286,25
287,32
288,24
289,27
290,17
291,29
292,31
293,25
294,22
295,24
296,24
297,28
298,26
299,22
300,33
301,27
302,31
303,27
304,34
305,30
306,40
307,29
308,38
309,22
310,47
311,29
312,34
313,17
314,25
315,23
316,32
317,15
318,23
319,37
320,16
321,26
322,30
323,28
324,19
325,24
326,39
327,22
328,32
329,24
330,17
331,32
332,27
333,28
334,36
335,26
336,22
337,28
338,32
339,23
340,2
341,32
342,21
343,27
344,24
345,25
346,28
347,31
348,7
349,24
350,26
351,47
352,32
353,29
354,25
355,35
356,26
357,31
358,24
359,28
360,30
361,19
362,27
363,29
364,29
365,37
366,35
367,33
368,26
369,27
370,27
371,26
372,30
373,29
374,27
375,30
376,32
377,33
378,41
379,30
380,34
381,35
382,27
383,26
384,32
385,29
386,24
387,35
388,16
389,34
390,39
391,37
392,31
393,34
394,40
395,30
396,28
397,29
398,34
399,29
400,25
401,20
402,26
403,21
404,44
405,2
406,28
407,35
408,17
409,26
410,30
411,17
412,22
413,33
414,25
415,30
416,38
417,33
418,19
419,30
420,23
421,30
422,29
423,27
424,26
425,30
426,25
427,31
428,36
429,29
430,26
431,31
432,29
433,27
434,49
435,24
436,22
437,25
438,28
439,33
440,23
441,35
442,23
443,44
444,21
445,27
446,17
447,28
448,40
449,34
450,30
451,41
452,30
453,32
454,31
455,28
456,31
457,36
458,29
459,16
460,38
461,14
462,37
463,29
464,27
465,31
466,22
467,29
468,25
469,29
470,32
471,4
472,32
473,21
474,25
475,27
476,27
477,2
478,41
479,12
480,40
481,30
482,50
483,38
484,27
485,39
486,40
487,26
488,35
489,23
490,31
491,24
492,27
493,41
494,25
495,33
496,38
497,27
498,37
499,19
500,32
501,45
502,19
503,34
504,30
505,2
506,2
507,26
508,40
509,24
510,32
511,33
512,43
513,15
514,16
515,31
516,44
517,30
518,30
519,39
520,37
521,19
522,32
523,29
524,32
525,7
526,20
527,39
528,32
529,32
530,22
531,43
532,29
533,33
534,16
535,19
536,47
537,38
538,34
539,25
540,38
541,29
542,25
543,32
544,32
545,37
546,26
547,19
548,31
549,25
550,36
551,29
552,24
553,34
554,41
555,35
556,33
557,29
558,33
559,44
560,30
561,25
562,26
563,28
564,37
565,24
566,15
567,2
568,29
569,30
570,16
571,36
572,16
573,38
574,28
575,19
576,28
577,31
578,18
579,37
580,26
581,27
582,36
583,27
584,25
585,33
586,33
587,26
588,34
589,24
590,34
591,32
592,28
593,30
594,42
595,2
596,31
597,30
598,30
599,36
600,34
601,24
602,29
603,32
604,31
605,35
606,33
607,21
608,26
609,26
610,22
611,26
612,25
613,43
614,21
615,29
616,28
617,27
618,34
619,30
620,35
621,32
622,44
623,33
624,23
625,2
626,20
627,36
628,31
629,25
630,16
631,30
632,44
633,34
634,20
635,27
636,29
637,18
638,35
639,34
640,20
641,25
642,30
643,39
644,28
645,26
646,39
647,37
648,34
649,40
650,28
651,16
652,32
653,36
654,31
655,28
656,2
657,27
658,32
659,23
660,24
661,25
662,29
663,31
664,31
665,33
666,33
667,42
668,39
669,26
670,43
671,33
672,25
673,17
674,16
675,35
676,30
677,29
678,29
679,32
680,15
681,24
682,25
683,27
684,43
685,29
686,27
687,16
688,25
689,45
690,31
691,19
692,32
693,30
694,20
695,28
696,27
697,38
698,25
699,27
700,30
701,26
702,30
703,39
704,35
705,31
706,23
707,25
708,35
709,26
710,21
711,41
712,13
713,29
714,33
715,30
716,36
717,37
718,23
719,32
720,19
721,16
722,19
723,21
724,32
725,27
726,53
727,15
728,34
729,32
730,29
731,2
732,43
733,24
734,29
735,42
736,30
737,43
738,35
739,29
740,30
741,36
742,15
743,25
744,36
745,31
746,36
747,29
748,44
749,24
750,28
751,32
752,34
753,23
754,35
755,33
756,34
757,29
758,29
759,35
760,21
761,25
762,32
763,37
764,17
765,25
766,16
767,29
768,22
769,19
770,27
771,21
772,3
773,38
774,39
775,36
776,35
777,37
778,44
779,38
780,16
781,34
782,33
783,30
784,39
785,31
786,22
787,31
788,33
789,30
790,35
791,31
792,37
793,4
794,16
795,17
796,32
797,24
798,27
799,31
800,37
801,31
802,25
803,23
804,29
805,22
806,26
807,28
808,29
809,34
810,32
811,25
812,32
813,2
814,27
815,27
816,25
817,37
818,41
819,24
820,25
821,32
822,26
823,24
824,28
825,29
826,27
827,6
828,40
829,2
830,24
831,23
832,44
833,37
834,19
835,30
836,27
837,20
838,30
839,16
840,39
841,25
842,27
843,28
844,29
845,42
846,24
847,42
848,27
849,45
850,26
851,19
852,23
853,38
854,30
855,25
856,26
857,38
858,26
859,27
860,28
861,29
862,29
863,26
864,38
865,52
866,20
867,31
868,28
869,16
870,31
871,33
872,42
873,23
874,28
875,33
876,35
877,25
878,31
879,39
880,30
881,16
882,22
883,51
884,30
885,49
886,32
887,33
888,30
889,32
890,2
891,43
892,33
893,27
894,26
895,24
896,30
897,30
898,28
899,37
900,36
901,34
902,38
903,34
904,26
905,16
906,26
907,2
908,32
909,30
910,35
911,38
912,25
913,25
914,29
915,31
916,27
917,29
918,39
919,16
920,35
921,34
922,38
923,26
924,29
925,33
926,34
927,33
928,2
929,23
930,33
931,37
932,27
933,35
934,37
935,26
936,14
937,25
938,35
939,37
940,41
941,28
942,26
943,27
944,32
945,30
946,23
947,32
948,30
949,37
950,26
951,28
952,34
953,16
954,16
955,33
956,30
957,27
958,27
959,31
960,35
961,20
962,44
963,32
964,17
965,32
966,35
967,24
968,37
969,27
970,29
971,22
972,29
973,2
974,33
975,29
976,41
977,26
978,25
979,20
980,14
981,36
982,21
983,38
984,22
985,15
986,38
987,22
988,32
989,15
990,20
991,25
992,2
993,29
994,30
995,25
996,27
997,37
998,21
999,28
1000,22
1001,21
1002,35
1003,42
1004,40
1005,32
1006,39
1007,29
1008,36
1009,21
1010,30
1011,29
1012,28
1013,32
1014,33
1015,19
1016,24
1017,34
1018,28
1019,32
1020,17
1021,35
1022,2
1023,31
1024,40
1025,29
1026,28
1027,34
1028,24
1029,35
1030,29
1031,30
1032,28
1033,28
1034,24
1035,50
1036,29
1037,44
1038,25
1039,26
1040,23
1041,21
1042,23
1043,45
1044,16
1045,25
1046,30
1047,28
1048,36
1049,27
1050,33
1051,27
1052,16
1053,30
1054,22
1055,27
1056,22
1057,29
1058,25
1059,31
1060,29
1061,25
1062,32
1063,44
1064,33
1065,27
1066,29
1067,33
1068,32
1069,33
1070,25
1071,31
1072,32
1073,15
1074,38
1075,28
1076,24
1077,35
1078,29
1079,16
1080,26
1081,34
1082,35
1083,38
1084,42
1085,2
1086,44
1087,26
1088,28
1089,31
1090,29
1091,28
1092,32
1093,34
1094,2
1095,31
1096,15
1097,27
1098,29
1099,29
1100,33
1101,43
1102,36
1103,42
1104,25
1105,28
1106,27
1107,2
1108,27
1109,29
1110,33
1111,34
1112,32
1113,29
1114,29
1115,20
1116,34
1117,28
1118,28
1119,3
1120,30
1121,42
1122,30
1123,27
1124,19
1125,31
1126,45
1127,26
1128,25
1129,2
1130,40
1131,40
1132,27
1133,26
1134,14
1135,25
1136,38
1137,2
1138,21
1139,38
1140,40
1141,25
1142,31
1143,44
1144,28
1145,43
1146,27
1147,38
1148,32
1149,31
1150,29
1151,26
1152,22
1153,15
1154,34
1155,34
1156,36
1157,32
1158,24
1159,23
1160,42
1161,35
1162,31
1163,35
1164,22
1165,30
1166,36
1167,30
1168,30
1169,41
1170,31
1171,32
1172,44
1173,33
1174,32
1175,25
1176,16
1177,15
1178,33
1179,5
1180,33
1181,2
1182,29
1183,31
1184,30
1185,23
1186,35
1187,5
1188,37
1189,31
1190,39
1191,35
1192,40
1193,36
1194,23
1195,33
1196,33
1197,34
1198,31
1199,32
1200,36
1201,24
1202,30
1203,29
1204,33
1205,25
1206,26
1207,33
1208,33
1209,16
1210,2
1211,23
1212,30
1213,30
1214,38
1215,32
1216,32
1217,40
1218,26
1219,41
1220,28
1221,30
1222,29
1223,24
1224,35
1225,35
1226,14
1227,24
1228,22
1229,37
1230,36
1231,29
1232,39
1233,35
1234,15
1235,24
1236,19
1237,32
1238,22
1239,25
1240,29
1241,31
1242,27
1243,30
1244,23
1245,33
1246,25
1247,30
1248,11
1249,27
1250,31
1251,26
1252,38
1253,27
1254,34
1255,20
1256,26
1257,31
1258,30
1259,4
1260,29
1261,47
1262,32
1263,30
1264,23
1265,33
1266,37
1267,33
1268,32
1269,34
1270,35
1271,31
1272,33
1273,6
1274,36
1275,27
1276,28
1277,34
1278,15
1279,35
1280,33
1281,45
1282,26
1283,19
1284,36
1285,26
1286,18
1287,37
1288,28
1289,23
1290,24
1291,31
1292,27
1293,23
1294,31
1295,23
1296,37
1297,41
1298,27
1299,27
1300,33
1301,15
1302,29
1303,27
1304,38
1305,47
1306,26
1307,28
1308,26
1309,24
1310,32
1311,18
1312,33
1313,30
1314,23
1315,37
1316,26
1317,35
1318,35
1319,33
1320,33
1321,31
1322,38
1323,37
1324,30
1325,34
1326,2
1327,35
1328,20
1329,24
1330,35
1331,3
1332,33
1333,16
1334,26
1335,21
1336,4
1337,29
1338,20
1339,26
1340,44
1341,23
1342,27
1343,28
1344,23
1345,36
1346,27
1347,40
1348,39
1349,36
1350,28
1351,34
1352,37
1353,27
1354,27
1355,34
1356,33
1357,29
1358,34
1359,37
1360,34
1361,28
1362,36
1363,29
1364,30
1365,39
1366,33
1367,43
1368,2
1369,32
1370,25
1371,28
1372,22
1373,27
1374,33
1375,36
1376,22
1377,31
1378,3
1379,40
1380,52
1381,34
1382,24
1383,37
1384,35
1385,15
1386,33
1387,37
1388,36
1389,26
1390,48
1391,35
1392,51
1393,31
1394,27
1395,34
1396,16
1397,29
1398,34
1399,33
1400,28
1401,35
1402,31
1403,32
1404,39
1405,33
1406,27
1407,33
1408,23
1409,32
1410,33
1411,32
1412,33
1413,31
1414,27
1415,24
1416,38
1417,20
1418,33
1419,18
1420,23
1421,31
1422,40
1423,28
1424,27
1425,36
1426,35
1427,33
1428,33
1429,26
1430,28
1431,31
1432,33
1433,41
1434,24
1435,22
1436,33
1437,28
1438,31
1439,36
1440,43
1441,27
1442,24
1443,36
1444,31
1445,28
1446,33
1447,24
1448,21
1449,25
1450,21
1451,21
1452,25
1453,32
1454,39
1455,34
1456,21
1457,29
1458,39
1459,29
1460,32
1461,34
1462,26
1463,2
1464,25
1465,22
1466,30
1467,33
1468,31
1469,20
1470,41
1471,29
1472,34
1473,23
1474,26
1475,27
1476,47
1477,27
1478,22
1479,19
1480,28
1481,22
1482,33
1483,2
1484,33
1485,41
1486,34
1487,39
1488,34
1489,3
1490,24
1491,34
1492,24
1493,19
1494,27
1495,9
1496,35
1497,34
1498,25
1499,39
1500,24
1501,25
1502,33
1503,28
1504,33
1505,19
1506,21
1507,2
1508,26
1509,32
1510,32
1511,42
1512,27
1513,28
1514,16
1515,31
1516,26
1517,23
1518,35
1519,2
1520,22
1521,38
1522,26
1523,30
1524,40
1525,31
1526,26
1527,30
1528,37
1529,24
1530,24
1531,22
1532,34
1533,36
1534,36
1535,24
1536,44
1537,17
1538,20
1539,28
1540,30
1541,25
1542,35
1543,30
1544,22
1545,24
1546,32
1547,34
1548,30
1549,30
1550,23
1551,35
1552,49
1553,37
1554,27
1555,27
1556,47
1557,16
1558,26
1559,33
1560,31
1561,16
1562,33
1563,30
1564,34
1565,28
1566,32
1567,29
1568,16
1569,24
1570,38
1571,33
1572,2
1573,26
1574,30
1575,26
1576,25
1577,37
1578,32
1579,30
1580,36
1581,27
1582,22
1583,26
1584,38
1585,24
1586,33
1587,40
1588,27
1589,30
1590,38
1591,28
1592,12
1593,32
1594,16
1595,24
1596,30
1597,2
1598,40
1599,23
1600,23
1601,35
1602,23
1603,2
1604,24
1605,26
1606,26
1607,38
1608,32
1609,35
1610,32
1611,27
1612,55
1613,32
1614,28
1615,35
1616,16
1617,24
1618,35
1619,31
1620,30
1621,31
1622,35
1623,34
1624,40
1625,34
1626,33
1627,30
1628,36
1629,44
1630,30
1631,31
1632,26
1633,20
1634,28
1635,26
1636,19
1637,29
1638,21
1639,29
1640,26
1641,32
1642,26
1643,34
1644,32
1645,37
1646,24
1647,30
1648,25
1649,33
1650,31
1651,36
1652,40
1653,19
1654,30
1655,30
1656,31
1657,25
1658,32
1659,28
1660,26
1661,25
1662,36
1663,28
1664,24
1665,38
1666,28
1667,27
1668,26
1669,44
1670,29
1671,2
1672,41
1673,30
1674,26
1675,25
1676,23
1677,16
1678,30
1679,23
1680,35
1681,32
1682,49
1683,25
1684,31
1685,38
1686,24
1687,22
1688,31
1689,27
1690,29
1691,23
1692,36
1693,18
1694,22
1695,30
1696,30
1697,27
1698,22
1699,45
1700,4
1701,31
1702,35
1703,28
1704,21
1705,36
1706,40
1707,26
1708,28
1709,30
1710,36
1711,32
1712,28
1713,24
1714,24
1715,44
1716,37
1717,24
1718,25
1719,28
1720,28
1721,21
1722,31
1723,20
1724,31
1725,19
1726,31
1727,33
1728,30
1729,26
1730,30
1731,23
1732,27
1733,2
1734,24
1735,28
1736,31
1737,28
1738,41
1739,26
1740,42
1741,29
1742,40
1743,22
1744,25
1745,39
1746,19
1747,25
1748,32
1749,36
1750,31
1751,32
1752,18
1753,36
1754,23
1755,17
1756,26
1757,37
1758,36
1759,16
1760,33
1761,35
1762,31
1763,32
1764,16
1765,29
1766,15
1767,33
1768,24
1769,32
1770,39
1771,35
1772,38
1773,20
1774,28
1775,39
1776,41
1777,32
1778,21
1779,32
1780,5
1781,31
1782,31
1783,25
1784,21
1785,30
1786,22
1787,6
1788,32
1789,25
1790,32
1791,16
1792,29
1793,28
1794,15
1795,29
1796,32
1797,30
1798,29
1799,31
1800,33
1801,35
1802,36
1803,30
1804,20
1805,28
1806,33
1807,33
1808,21
1809,26
1810,23
1811,28
1812,24
1813,28
1814,27
1815,38
1816,38
1817,26
1818,31
1819,36
1820,36
1821,36
1822,21
1823,20
1824,21
1825,39
1826,15
1827,28
1828,33
1829,24
1830,31
1831,39
1832,30
1833,28
1834,25
1835,32
1836,30
1837,38
1838,32
1839,33
1840,15
1841,30
1842,18
1843,18
1844,37
1845,23
1846,24
1847,32
1848,27
1849,44
1850,31
1851,44
1852,35
1853,27
1854,24
1855,40
1856,15
1857,30
1858,40
1859,17
1860,28
1861,24
1862,32
1863,32
1864,48
1865,27
1866,16
1867,32
1868,34
1869,42
1870,37
1871,24
1872,29
1873,29
1874,32
1875,23
1876,32
1877,38
1878,21
1879,21
1880,32
1881,30
1882,30
1883,30
1884,34
1885,31
1886,30
1887,24
1888,40
1889,28
1890,2
1891,36
1892,28
1893,29
1894,28
1895,32
1896,30
1897,35
1898,34
1899,27
1900,23
1901,31
1902,30
1903,26
1904,36
1905,44
1906,20
1907,29
1908,39
1909,35
1910,26
1911,31
1912,23
1913,30
1914,39
1915,32
1916,35
1917,30
1918,29
1919,37
1920,27
1921,33
1922,16
1923,16
1924,37
1925,23
1926,32
1927,36
1928,11
1929,29
1930,16
1931,29
1932,34
1933,36
1934,30
1935,37
1936,35
1937,25
1938,23
1939,31
1940,22
1941,33
1942,29
1943,29
1944,34
1945,39
1946,30
1947,35
1948,34
1949,28
1950,27
1951,21
1952,31
1953,27
1954,36
1955,35
1956,25
1957,31
1958,31
1959,29
1960,31
1961,33
1962,44
1963,37
1964,29
1965,23
1966,26
1967,37
1968,37
1969,30
1970,32
1971,28
1972,31
1973,6
1974,32
1975,29
1976,34
1977,27
1978,31
1979,27
1980,34
1981,41
1982,34
1983,22
1984,34
1985,16
1986,25
1987,35
1988,31
1989,25
1990,24
1991,27
1992,29
1993,27
1994,30
1995,26
1996,25
1997,34
1998,35
1999,27
2000,33
2001,29
2002,26
2003,26
2004,39
2005,26
2006,23
2007,30
2008,25
2009,53
2010,32
2011,31
2012,37
2013,28
2014,31
2015,41
2016,26
2017,31
2018,25
2019,28
2020,18
2021,26
2022,23
2023,20
2024,29
2025,8
2026,15
2027,27
2028,33
2029,19
2030,37
2031,30
2032,34
2033,32
2034,2
2035,28
2036,36
2037,16
2038,47
2039,52
2040,15
2041,40
2042,20
2043,25
2044,50
2045,24
2046,28
2047,20
2048,23
2049,50
2050,40
2051,33
2052,15
2053,15
2054,2
2055,29
2056,38
2057,34
2058,25
2059,29
2060,26
2061,38
2062,28
2063,25
2064,39
2065,36
2066,2
2067,37
2068,33
2069,22
2070,28
2071,33
2072,21
2073,30
2074,30
2075,35
2076,28
2077,40
2078,29
2079,33
2080,27
2081,28
2082,43
2083,19
2084,26
2085,32
2086,26
2087,31
2088,26
2089,28
2090,25
2091,28
2092,20
2093,37
2094,19
2095,39
2096,34
2097,40
2098,24
2099,34
2100,29
2101,27
2102,37
2103,21
2104,23
2105,30
2106,44
2107,2
2108,34
2109,41
2110,23
2111,29
2112,25
2113,28
2114,44
2115,31
2116,35
2117,35
2118,40
2119,24
2120,36
2121,27
2122,2
2123,27
2124,47
2125,33
2126,37
2127,40
2128,28
2129,27
2130,40
2131,29
2132,31
2133,28
2134,26
2135,37
2136,23
2137,15
2138,31
2139,37
2140,45
2141,25
2142,31
2143,37
2144,39
2145,16
2146,26
2147,38
2148,29
2149,19
2150,24
2151,28
2152,19
2153,32
2154,33
2155,31
2156,39
2157,26
2158,31
2159,28
2160,26
2161,29
2162,28
2163,33
2164,30
2165,30
2166,49
2167,36
2168,34
2169,24
2170,31
2171,21
2172,29
2173,33
2174,37
2175,28
2176,26
2177,30
2178,31
2179,29
2180,30
2181,27
2182,31
2183,31
2184,26
2185,37
2186,35
2187,24
2188,36
2189,24
2190,38
2191,31
2192,26
2193,24
2194,39
2195,20
2196,36
2197,2
2198,30
2199,30
2200,26
2201,26
2202,35
2203,37
2204,39
2205,32
2206,26
2207,28
2208,27
2209,31
2210,27
2211,27
2212,42
2213,27
2214,39
2215,35
2216,29
2217,30
2218,28
2219,36
2220,38
2221,33
2222,25
2223,22
2224,26
2225,35
2226,25
2227,47
2228,29
2229,35
2230,24
2231,29
2232,2
2233,35
2234,2
2235,43
2236,29
2237,31
2238,26
2239,27
2240,35
2241,28
2242,28
2243,2
2244,23
2245,31
2246,33
2247,29
2248,40
2249,22
2250,41
2251,31
2252,38
2253,24
2254,32
2255,25
2256,31
2257,29
2258,46
2259,26
2260,33
2261,34
2262,33
2263,41
2264,34
2265,32
2266,24
2267,31
2268,28
2269,28
2270,25
2271,28
2272,36
2273,31
2274,37
2275,29
2276,25
2277,38
2278,30
2279,33
2280,29
2281,28
2282,33
2283,50
2284,17
2285,23
2286,29
2287,42
2288,30
2289,30
2290,28
2291,33
2292,27
2293,25
2294,16
2295,28
2296,21
2297,23
2298,36
2299,19
2300,23
2301,27
2302,29
2303,35
2304,28
2305,25
2306,28
2307,36
2308,24
2309,31
2310,21
2311,23
2312,26
2313,30
2314,26
2315,29
2316,44
2317,37
2318,35
2319,39
2320,30
2321,36
2322,29
2323,25
2324,22
2325,44
2326,21
2327,20
2328,41
2329,30
2330,24
2331,29
2332,27
2333,35
2334,30
2335,27
2336,44
2337,25
2338,33
2339,28
2340,31
2341,41
2342,45
2343,32
2344,23
2345,30
2346,39
2347,25
2348,23
2349,38
2350,25
2351,29
2352,33
2353,24
2354,32
2355,23
2356,25
2357,31
2358,32
2359,30
2360,27
2361,32
2362,31
2363,27
2364,32
2365,28
2366,30
2367,40
2368,18
2369,26
2370,39
2371,25
2372,27
2373,36
2374,37
2375,31
2376,33
2377,24
2378,47
2379,34
2380,22
2381,31
2382,32
2383,31
2384,32
2385,29
2386,25
2387,28
2388,46
2389,28
2390,30
2391,24
2392,36
2393,30
2394,28
2395,43
2396,30
2397,16
2398,29
2399,42
2400,29
2401,37
2402,18
2403,22
2404,15
2405,21
2406,20
2407,22
2408,28
2409,24
2410,19
2411,24
2412,31
2413,28
2414,32
2415,36
2416,36
2417,30
2418,31
2419,26
2420,10
2421,28
2422,28
2423,26
2424,30
2425,25
2426,25
2427,22
2428,23
2429,26
2430,25
2431,17
2432,23
2433,40
2434,35
2435,32
2436,25
2437,25
2438,28
2439,27
2440,33
2441,26
2442,25
2443,30
2444,27
2445,27
2446,24
2447,35
2448,37
2449,18
2450,19
2451,32
2452,36
2453,22
2454,9
2455,23
2456,2
2457,27
2458,26
2459,33
2460,27
2461,29
2462,27
2463,24
2464,26
2465,25
2466,44
2467,17
2468,2
2469,34
2470,27
2471,25
2472,23
2473,27
2474,35
2475,24
2476,30
2477,31
2478,34
2479,25
2480,28
2481,22
2482,26
2483,16
2484,35
2485,31
2486,30
2487,27
2488,22
2489,7
2490,29
2491,31
2492,33
2493,30
2494,21
2495,29
2496,27
2497,30
2498,21
2499,2
2500,16
2501,31
2502,30
2503,2
2504,30
2505,30
2506,30
2507,24
2508,32
2509,30
2510,36
2511,40
2512,27
2513,28
2514,31
2515,32
2516,30
2517,23
2518,36
2519,25
2520,31
2521,32
2522,26
2523,21
2524,26
2525,28
2526,30
2527,36
2528,23
2529,35
2530,41
2531,18
2532,2
2533,33
2534,18
2535,26
2536,28
2537,24
2538,29
2539,42
2540,40
2541,30
2542,49
2543,32
2544,28
2545,29
2546,31
2547,37
2548,27
2549,42
2550,12
2551,18
2552,27
2553,36
2554,33
2555,19
2556,36
2557,16
2558,26
2559,32
2560,31
2561,34
2562,20
2563,20
2564,39
2565,40
2566,6
2567,36
2568,2
2569,28
2570,27
2571,34
2572,36
2573,36
2574,28
2575,45
2576,34
2577,26
2578,23
2579,29
2580,29
2581,35
2582,35
2583,22
2584,41
2585,29
2586,32
2587,26
2588,16
2589,28
2590,21
2591,30
2592,29
2593,31
2594,35
2595,30
2596,38
2597,41
2598,42
2599,27
2600,30
2601,20
2602,25
2603,48
2604,42
2605,42
2606,36
2607,16
2608,38
2609,34
2610,25
2611,32
2612,32
2613,32
2614,29
2615,30
2616,37
2617,31
2618,31
2619,32
2620,32
2621,28
2622,30
2623,33
2624,20
2625,9
2626,30
2627,16
2628,40
2629,22
2630,19
2631,35
2632,38
2633,35
2634,15
2635,23
2636,31
2637,34
2638,30
2639,31
2640,27
2641,30
2642,43
2643,24
2644,34
2645,16
2646,33
2647,27
2648,44
2649,26
2650,16
2651,30
2652,31
2653,35
2654,31
2655,44
2656,27
2657,40
2658,37
2659,25
2660,35
2661,36
2662,25
2663,25
2664,21
2665,30
2666,34
2667,41
2668,29
2669,30
2670,31
2671,27
2672,37
2673,28
2674,30
2675,24
2676,36
2677,29
2678,33
2679,31
2680,38
2681,26
2682,29
2683,30
2684,29
2685,33
2686,31
2687,28
2688,26
2689,24
2690,29
2691,27
2692,25
2693,39
2694,36
2695,42
2696,32
2697,41
2698,36
2699,30
2700,33
2701,2
2702,35
2703,31
2704,28
2705,30
2706,32
2707,30
2708,27
2709,23
2710,32
2711,30
2712,26
2713,27
2714,35
2715,24
2716,26
2717,28
2718,35
2719,23
2720,32
2721,27
2722,39
2723,30
2724,24
2725,25
2726,39
2727,31
2728,45
2729,24
2730,23
2731,33
2732,28
2733,33
2734,22
2735,26
2736,41
2737,40
2738,23
2739,25
2740,28
2741,33
2742,46
2743,29
2744,24
2745,29
2746,28
2747,34
2748,33
2749,28
2750,19
2751,26
2752,29
2753,24
2754,24
2755,30
2756,24
2757,29
2758,31
2759,42
2760,30
2761,35
2762,23
2763,29
2764,33
2765,26
2766,33
2767,3
2768,44
2769,33
2770,29
2771,24
2772,28
2773,31
2774,29
2775,35
2776,32
2777,30
2778,26
2779,37
2780,19
2781,16
2782,26
2783,32
2784,34
2785,35
2786,23
2787,29
2788,25
2789,30
2790,40
2791,35
2792,31
2793,24
2794,15
2795,31
2796,33
2797,30
2798,20
2799,37
2800,29
2801,28
2802,32
2803,25
2804,40
2805,31
2806,48
2807,29
2808,24
2809,45
2810,50
2811,25
2812,30
2813,33
2814,31
2815,33
2816,25
2817,39
2818,32
2819,43
2820,35
2821,26
2822,35
2823,34
2824,18
2825,37
2826,16
2827,32
2828,28
2829,17
2830,2
2831,35
2832,28
2833,31
2834,33
2835,37
2836,34
2837,2
2838,40
2839,17
2840,30
2841,2
2842,34
2843,22
2844,28
2845,32
2846,33
2847,34
2848,23
2849,15
2850,31
2851,31
2852,21
2853,33
2854,16
2855,35
2856,23
2857,35
2858,19
2859,41
2860,36
2861,20
2862,34
2863,32
2864,34
2865,46
2866,36
2867,39
2868,26
2869,31
2870,37
2871,30
2872,19
2873,20
2874,33
2875,23
2876,27
2877,2
2878,27
2879,32
2880,40
2881,33
2882,28
2883,40
2884,36
2885,23
2886,26
2887,25
2888,2
2889,28
2890,36
2891,32
2892,26
2893,27
2894,30
2895,27
2896,33
2897,25
2898,28
2899,33
2900,11
2901,31
2902,31
2903,44
2904,38
2905,31
2906,31
2907,28
2908,33
2909,39
2910,25
2911,27
2912,19
2913,43
2914,25
2915,33
2916,36
2917,29
2918,32
2919,31
2920,27
2921,36
2922,34
2923,36
2924,24
2925,34
2926,37
2927,22
2928,30
2929,31
2930,29
2931,22
2932,28
2933,38
2934,31
2935,27
2936,26
2937,21
2938,28
2939,27
2940,22
2941,38
2942,28
2943,28
2944,22
2945,16
2946,2
2947,24
2948,37
2949,27
2950,33
2951,33
2952,27
2953,27
2954,24
2955,34
2956,30
2957,31
2958,26
2959,32
2960,20
2961,30
2962,39
2963,31
2964,36
2965,41
2966,33
2967,40
2968,30
2969,27
2970,29
2971,39
2972,27
2973,21
2974,34
2975,40
2976,31
2977,32
2978,32
2979,49
2980,20
2981,32
2982,20
2983,16
2984,43
2985,32
2986,28
2987,31
2988,42
2989,24
2990,41
2991,19
2992,39
2993,31
2994,39
2995,39
2996,27
2997,31
2998,31
2999,21
3000,37
3001,39
3002,56
3003,46
3004,22
3005,33
3006,30
3007,24
3008,39
3009,32
3010,35
3011,26
3012,43
3013,29
3014,22
3015,25
3016,25
3017,4
3018,27
3019,35
3020,36
3021,35
3022,17
3023,32
3024,45
3025,29
3026,16
3027,31
3028,22
3029,29
3030,35
3031,46
3032,36
3033,28
3034,15
3035,28
3036,28
3037,33
3038,40
3039,24
3040,37
3041,16
3042,20
3043,37
3044,32
3045,2
3046,37
3047,31
3048,45
3049,38
3050,35
3051,23
3052,33
3053,35
3054,2
3055,30
3056,26
3057,32
3058,28
3059,24
3060,21
3061,27
3062,21
3063,32
3064,36
3065,14
3066,39
3067,20
3068,28
3069,3
3070,35
3071,24
3072,25
3073,45
3074,2
3075,28
3076,15
3077,27
3078,31
3079,34
3080,26
3081,23
3082,16
3083,34
3084,28
3085,29
3086,35
3087,27
3088,16
3089,32
3090,15
3091,20
3092,21
3093,41
3094,34
3095,25
3096,30
3097,34
3098,32
3099,32
3100,32
3101,2
3102,24
3103,35
3104,29
3105,37
3106,2
3107,27
3108,29
3109,16
3110,30
3111,33
3112,28
3113,27
3114,38
3115,21
3116,29
3117,44
3118,45
3119,2
3120,36
3121,31
3122,27
3123,24
3124,34
3125,4
3126,28
3127,31
3128,4
3129,38
3130,27
3131,33
3132,33
3133,29
3134,33
3135,26
3136,30
3137,28
3138,32
3139,31
3140,10
3141,27
3142,33
3143,29
3144,36
3145,29
3146,33
3147,29
3148,28
3149,31
3150,20
3151,30
3152,21
3153,24
3154,33
3155,33
3156,34
3157,27
3158,24
3159,31
3160,45
3161,35
3162,39
3163,30
3164,37
3165,21
3166,38
3167,36
3168,30
3169,23
3170,34
3171,20
3172,30
3173,32
3174,29
3175,43
3176,26
3177,30
3178,39
3179,28
3180,39
3181,30
3182,3
3183,2
3184,33
3185,37
3186,32
3187,34
3188,31
3189,25
3190,49
3191,28
3192,23
3193,27
3194,23
3195,31
3196,34
3197,29
3198,29
3199,48
3200,26
3201,30
3202,26
3203,41
3204,26
3205,29
3206,30
3207,29
3208,28
3209,18
3210,28
3211,27
3212,32
3213,45
3214,35
3215,32
3216,49
3217,28
3218,2
3219,27
3220,18
3221,30
3222,2
3223,27
3224,39
3225,27
3226,24
3227,32
3228,2
3229,34
3230,28
3231,38
3232,31
3233,27
3234,23
3235,25
3236,20
3237,30
3238,28
3239,16
3240,26
3241,28
3242,34
3243,35
3244,41
3245,35
3246,25
3247,31
3248,40
3249,37
3250,47
3251,24
3252,16
3253,30
3254,25
3255,34
3256,29
3257,28
3258,33
3259,40
3260,32
3261,44
3262,37
3263,39
3264,35
3265,18
3266,24
3267,39
3268,36
3269,30
3270,35
3271,31
3272,30
3273,27
3274,26
3275,30
3276,27
3277,38
3278,28
3279,37
3280,3
3281,20
3282,2
3283,29
3284,30
3285,29
3286,22
3287,32
3288,45
3289,37
3290,24
3291,24
3292,46
3293,25
3294,24
3295,2
3296,26
3297,19
3298,31
3299,41
3300,33
3301,29
3302,26
3303,18
3304,32
3305,27
3306,38
3307,32
3308,30
3309,23
3310,16
3311,33
3312,39
3313,30
3314,41
3315,37
3316,30
3317,24
3318,40
3319,25
3320,41
3321,38
3322,36
3323,31
3324,20
3325,23
3326,36
3327,30
3328,36
3329,37
3330,16
3331,31
3332,30
3333,32
3334,32
3335,30
3336,35
3337,31
3338,43
3339,33
3340,33
3341,28
3342,26
3343,17
3344,27
3345,25
3346,32
3347,34
3348,24
3349,35
3350,34
3351,24
3352,18
3353,35
3354,26
3355,27
3356,34
3357,24
3358,27
3359,31
3360,34
3361,43
3362,37
3363,21
3364,32
3365,28
3366,31
3367,31
3368,19
3369,34
3370,34
3371,25
3372,22
3373,26
3374,30
3375,32
3376,30
3377,39
3378,29
3379,31
3380,29
3381,33
3382,33
3383,39
3384,26
3385,11
3386,31
3387,26
3388,36
3389,44
3390,31
3391,37
3392,38
3393,26
3394,23
3395,33
3396,33
3397,33
3398,33
3399,38
3400,28
3401,31
3402,30
3403,31
3404,31
3405,24
3406,40
3407,36
3408,25
3409,36
3410,32
3411,29
3412,36
3413,29
3414,23
3415,16
3416,32
3417,30
3418,35
3419,34
3420,31
3421,32
3422,39
3423,32
3424,39
3425,43
3426,4
3427,30
3428,36
3429,9
3430,29
3431,2
3432,32
3433,32
3434,19
3435,26
3436,37
3437,26
3438,40
3439,19
3440,17
3441,28
3442,26
3443,29
3444,29
3445,44
3446,28
3447,23
3448,36
3449,30
3450,31
3451,41
3452,2
3453,27
3454,29
3455,36
3456,2
3457,32
3458,39
3459,22
3460,23
3461,34
3462,20
3463,37
3464,39
3465,17
3466,26
3467,41
3468,35
3469,21
3470,31
3471,28
3472,28
3473,28
3474,28
3475,27
3476,2
3477,33
3478,31
3479,40
3480,27
3481,40
3482,32
3483,32
3484,37
3485,27
3486,31
3487,21
3488,41
3489,30
3490,36
3491,38
3492,29
3493,20
3494,2
3495,27
3496,25
3497,19
3498,38
3499,32
3500,29
3501,19
3502,2
3503,24
3504,27
3505,24
3506,35
3507,34
3508,34
3509,3
3510,37
3511,39
3512,32
3513,26
3514,34
3515,25
3516,19
3517,34
3518,38
3519,24
3520,32
3521,39
3522,14
3523,35
3524,39
3525,43
3526,32
3527,29
3528,28
3529,33
3530,39
3531,35
3532,28
3533,27
3534,30
3535,33
3536,19
3537,2
3538,25
3539,33
3540,34
3541,28
3542,37
3543,20
3544,38
3545,32
3546,28
3547,31
3548,41
3549,12
3550,33
3551,25
3552,36
3553,30
3554,29
3555,44
3556,31
3557,16
3558,26
3559,29
3560,26
3561,29
3562,3
3563,32
3564,16
3565,31
3566,41
3567,35
3568,18
3569,28
3570,42
3571,49
3572,25
3573,37
3574,34
3575,30
3576,34
3577,39
3578,31
3579,34
3580,32
3581,34
3582,33
3583,34
3584,15
3585,38
3586,26
3587,37
3588,18
3589,37
3590,28
3591,26
3592,29
3593,39
3594,38
3595,37
3596,31
3597,26
3598,27
3599,27
3600,23
3601,24
3602,25
3603,29
3604,24
3605,31
3606,32
3607,46
3608,2
3609,3
3610,27
3611,23
3612,35
3613,30
3614,41
3615,29
3616,2
3617,29
3618,30
3619,29
3620,27
3621,41
3622,35
3623,28
3624,30
3625,27
3626,16
3627,29
3628,40
3629,33
3630,38
3631,36
3632,15
3633,17
3634,26
3635,38
3636,20
3637,31
3638,26
3639,30
3640,29
3641,23
3642,30
3643,30
3644,34
3645,30
3646,28
3647,27
3648,37
3649,2
3650,34
3651,37
3652,32
3653,27
3654,21
3655,35
3656,31
3657,19
3658,26
3659,20
3660,38
3661,35
3662,27
3663,42
3664,21
3665,36
3666,10
3667,23
3668,29
3669,28
3670,25
3671,32
3672,32
3673,39
3674,39
3675,32
3676,24
3677,32
3678,34
3679,33
3680,25
3681,34
3682,28
3683,36
3684,36
3685,33
3686,26
3687,31
3688,27
3689,24
3690,33
3691,41
3692,37
3693,33
3694,37
3695,42
3696,37
3697,29
3698,32
3699,30
3700,32
3701,35
3702,27
3703,41
3704,30
3705,21
3706,30
3707,35
3708,28
3709,2
3710,25
3711,35
3712,36
3713,16
3714,30
3715,30
3716,39
3717,37
3718,28
3719,30
3720,20
3721,26
3722,38
3723,33
3724,33
3725,31
3726,28
3727,29
3728,26
3729,29
3730,38
3731,18
3732,16
3733,31
3734,37
3735,34
3736,34
3737,33
3738,46
3739,26
3740,33
3741,2
3742,20
3743,28
3744,24
3745,34
3746,46
3747,35
3748,35
3749,32
3750,31
3751,38
3752,35
3753,19
3754,31
3755,30
3756,28
3757,36
3758,40
3759,19
3760,37
3761,2
3762,30
3763,26
3764,46
3765,39
3766,30
3767,32
3768,31
3769,27
3770,28
3771,22
3772,28
3773,23
3774,22
3775,22
3776,40
3777,27
3778,33
3779,42
3780,29
3781,21
3782,24
3783,18
3784,26
3785,31
3786,32
3787,39
3788,33
3789,20
3790,20
3791,33
3792,24
3793,20
3794,30
3795,25
3796,37
3797,25
3798,23
3799,37
3800,28
3801,25
3802,41
3803,2
3804,25
3805,24
3806,27
3807,23
3808,27
3809,41
3810,19
3811,35
3812,38
3813,28
3814,27
3815,15
3816,18
3817,35
3818,16
3819,20
3820,33
3821,28
3822,28
3823,30
3824,27
3825,19
3826,27
3827,34
3828,26
3829,26
3830,35
3831,31
3832,23
3833,19
3834,29
3835,29
3836,32
3837,35
3838,29
3839,23
3840,20
3841,35
3842,30
3843,19
3844,33
3845,30
3846,28
3847,42
3848,2
3849,30
3850,36
3851,35
3852,40
3853,36
3854,34
3855,16
3856,16
3857,33
3858,19
3859,31
3860,21
3861,32
3862,20
3863,28
3864,26
3865,22
3866,37
3867,33
3868,26
3869,29
3870,30
3871,36
3872,30
3873,34
3874,25
3875,31
3876,35
3877,37
3878,2
3879,29
3880,2
3881,28
3882,27
3883,30
3884,37
3885,6
3886,21
3887,28
3888,19
3889,24
3890,26
3891,30
3892,31
3893,36
3894,35
3895,24
3896,29
3897,29
3898,32
3899,2
3900,15
3901,26
3902,25
3903,27
3904,32
3905,37
3906,28
3907,24
3908,38
3909,31
3910,2
3911,43
3912,28
3913,35
3914,35
3915,43
3916,34
3917,20
3918,37
3919,39
3920,21
3921,42
3922,40
3923,36
3924,54
3925,47
3926,43
3927,24
3928,38
3929,28
3930,32
3931,26
3932,35
3933,26
3934,26
3935,45
3936,26
3937,31
3938,18
3939,26
3940,35
3941,28
3942,26
3943,16
3944,41
3945,38
3946,27
3947,29
3948,26
3949,19
3950,24
3951,19
3952,27
3953,29
3954,10
3955,49
3956,31
3957,43
3958,27
3959,34
3960,30
3961,34
3962,30
3963,29
3964,30
3965,25
3966,35
3967,38
3968,21
3969,27
3970,31
3971,31
3972,37
3973,30
3974,20
3975,26
3976,33
3977,30
3978,15
3979,34
3980,35
3981,24
3982,27
3983,37
3984,29
3985,30
3986,34
3987,32
3988,30
3989,29
3990,35
3991,40
3992,43
3993,24
3994,35
3995,39
3996,17
3997,34
3998,29
3999,32
